text,label,template
Can I book an appointment for next Monday?,GREEN,en:can I book an appointment for next Monday?
"Since my kidney stone, my legs and ankles have been swelling since last night",YELLOW,en:my legs and ankles have been swelling {t}
"As a kidney patient, I am passing dark red urine for a few days now",RED,en:I am passing dark red urine {t}
"Hello, can I get my flu vaccination at the clinic?",GREEN,en:can I get my flu vaccination at the clinic?
I'm on dialysis and I cannot empty my bladder this morning,RED,en:I cannot empty my bladder {t}
I've had muscle cramps since this afternoon,YELLOW,en:I've had muscle cramps {t}
"কিডনি রোগী হিসেবে বলছি, দুই দিন ধরে শ্বাসকষ্ট হচ্ছে",RED,bn:{t}শ্বাসকষ্ট হচ্ছে
My doctor said I have reduced kidney function and I am so swollen that I cannot sleep lying down since this afternoon,RED,en:I am so swollen that I cannot sleep lying down {t}
I've been vomiting blood since last night,RED,en:I've been vomiting blood {t}
I'm on dialysis and I have some discomfort around my kidneys for a few days now,YELLOW,en:I have some discomfort around my kidneys {t}
Is there wheelchair access at the entrance?,GREEN,en:is there wheelchair access at the entrance?
"Please, can I eat tomatoes with my condition?",GREEN,en:can I eat tomatoes with my condition?
I have CKD and I've had a dull headache and feel a bit off since yesterday,YELLOW,en:I've had a dull headache and feel a bit off {t}
"Since my kidney stone, my urine is the colour of blood since yesterday",RED,en:my urine is the colour of blood {t}
I have CKD and I collapsed for the last two days,RED,en:I collapsed {t}
"Since my kidney stone, I go lightheaded when I stand up since yesterday",YELLOW,en:I go lightheaded when I stand up {t}
I had a kidney transplant last year and I have a mild headache for a few days now,YELLOW,en:I have a mild headache {t}
I have stage 3 kidney disease and I have a mild fever over the past week,YELLOW,en:I have a mild fever {t}
My doctor said I have reduced kidney function and I have some abdominal pain for a few days now,YELLOW,en:I have some abdominal pain {t}
I had a kidney transplant last year and I'm extremely drowsy and can barely stay awake since yesterday,RED,en:I'm extremely drowsy and can barely stay awake {t}
গতকাল থেকে প্রস্রাবে রক্ত যাচ্ছে,RED,bn:{t}প্রস্রাবে রক্ত যাচ্ছে
"আমার কিডনি রোগ আছে, আজ সকাল থেকে হঠাৎ তীব্র মাথাব্যথা শুরু হয়েছে",RED,bn:{t}হঠাৎ তীব্র মাথাব্যথা শুরু হয়েছে
Can my family member pick up my medication?,GREEN,en:can my family member pick up my medication?
"Good morning, can I pay my bill online?",GREEN,en:can I pay my bill online?
I'm on dialysis and I'm not urinating as much as I used to since yesterday,YELLOW,en:I'm not urinating as much as I used to {t}
Can I travel by plane next month?,GREEN,en:can I travel by plane next month?
"আমি ডায়ালাইসিস নিচ্ছি, হঠাৎ তীব্র মাথাব্যথা শুরু হয়েছে",RED,bn:{t}হঠাৎ তীব্র মাথাব্যথা শুরু হয়েছে
Should I bring my previous reports to the appointment?,GREEN,en:should I bring my previous reports to the appointment?
I'm having chest pain over the past week,RED,en:I'm having chest pain {t}
Are my last lab results available yet?,GREEN,en:are my last lab results available yet?
Is the pharmacy open after 6 pm?,GREEN,en:is the pharmacy open after 6 pm?
"Hello, can I switch to an evening dialysis slot?",GREEN,en:can I switch to an evening dialysis slot?
I have CKD and I collapsed for a few days now,RED,en:I collapsed {t}
I've had a dull headache and feel a bit off since yesterday,YELLOW,en:I've had a dull headache and feel a bit off {t}
"Hi, thank you for the help during my last visit",GREEN,en:thank you for the help during my last visit
"Since my kidney stone, nothing comes out when I try to pee this morning",RED,en:nothing comes out when I try to pee {t}
I had a kidney transplant last year and I noticed blood in my urine this morning,RED,en:I noticed blood in my urine {t}
"Please, can I get a medical certificate for work?",GREEN,en:can I get a medical certificate for work?
"Since my kidney stone, my urine has turned dark like cola and I feel terrible over the past week",RED,en:my urine has turned dark like cola and I feel terrible {t}
I'm on dialysis and I have severe pain in my side with a high fever and shaking chills over the past week,RED,en:I have severe pain in my side with a high fever and shaking chills {t}
"As a kidney patient, I can't breathe properly for the last two days",RED,en:I can't breathe properly {t}
I fainted since last night,RED,en:I fainted {t}
ব্যায়াম করা কি আমার জন্য নিরাপদ?,GREEN,bn:ব্যায়াম করা কি আমার জন্য নিরাপদ?
"As a kidney patient, my abdominal pain is severe and I also have a high fever since yesterday",RED,en:my abdominal pain is severe and I also have a high fever {t}
I had a kidney transplant last year and my face is puffy in the mornings since last night,YELLOW,en:my face is puffy in the mornings {t}
I have stage 3 kidney disease and I haven't passed any urine for the last two days,RED,en:I haven't passed any urine {t}
"আমার কিডনি রোগ আছে, আজ সকাল থেকে প্রস্রাবের সাথে রক্ত যাচ্ছে",RED,bn:{t}প্রস্রাবের সাথে রক্ত যাচ্ছে
"আমার কিডনির কার্যক্ষমতা কমে গেছে, দুই দিন ধরে খিঁচুনি হয়েছে",RED,bn:{t}খিঁচুনি হয়েছে
"Since my kidney stone, there's blood when I pee since last night",RED,en:there's blood when I pee {t}
My urine has turned dark like cola and I feel terrible since this afternoon,RED,en:my urine has turned dark like cola and I feel terrible {t}
I have CKD and I have severe abdominal pain that won't go away this morning,RED,en:I have severe abdominal pain that won't go away {t}
I have CKD and I've been vomiting blood for the last two days,RED,en:I've been vomiting blood {t}
"Hello, is there wheelchair access at the entrance?",GREEN,en:is there wheelchair access at the entrance?
"কিডনি রোগী হিসেবে বলছি, বুকে ব্যথা করছে",RED,bn:{t}বুকে ব্যথা করছে
"Since my kidney stone, I've gained a few kilos this morning and feel bloated",YELLOW,en:I've gained a few kilos {t} and feel bloated
I have a mild fever over the past week,YELLOW,en:I have a mild fever {t}
"কিডনি রোগী হিসেবে বলছি, আজ সকাল থেকে প্রস্রাবের সাথে রক্ত যাচ্ছে",RED,bn:{t}প্রস্রাবের সাথে রক্ত যাচ্ছে
I had a kidney transplant last year and there is froth in my urine since yesterday,YELLOW,en:there is froth in my urine {t}
I had a kidney transplant last year and my urination has decreased for the last two days,YELLOW,en:my urination has decreased {t}
I've had trouble concentrating and feel foggy this morning,YELLOW,en:I've had trouble concentrating and feel foggy {t}
I have stage 3 kidney disease and I have pain near my kidneys over the past week,YELLOW,en:I have pain near my kidneys {t}
"Good morning, I have a mild stomach ache after eating spicy food, is that normal?",GREEN,"en:I have a mild stomach ache after eating spicy food, is that normal?"
I'm on dialysis and blood is coming through my urine since this afternoon,RED,en:blood is coming through my urine {t}
একটা প্রশ্ন ছিল - আমি কি বিমানে ভ্রমণ করতে পারব?,GREEN,bn:আমি কি বিমানে ভ্রমণ করতে পারব?
My stomach has been hurting a little since this afternoon,YELLOW,en:my stomach has been hurting a little {t}
পা ও গোড়ালি ফুলে আছে,YELLOW,bn:{t}পা ও গোড়ালি ফুলে আছে
"আমার কিডনি রোগ আছে, কাল রাত থেকে প্রস্রাব একদম বন্ধ হয়ে গেছে",RED,bn:{t}প্রস্রাব একদম বন্ধ হয়ে গেছে
"Since my kidney stone, I have been sleeping badly for a few days now",YELLOW,en:I have been sleeping badly {t}
I have stage 3 kidney disease and I have severe abdominal pain that won't go away over the past week,RED,en:I have severe abdominal pain that won't go away {t}
"As a kidney patient, there's a metallic taste in my mouth since this afternoon",YELLOW,en:there's a metallic taste in my mouth {t}
"Hello, can I eat tomatoes with my condition?",GREEN,en:can I eat tomatoes with my condition?
"আমি ডায়ালাইসিস নিচ্ছি, দুই দিন ধরে মুখ ফুলে গেছে",YELLOW,bn:{t}মুখ ফুলে গেছে
I have stage 3 kidney disease and I cannot get a full breath in for the last two days,RED,en:I cannot get a full breath in {t}
I have CKD and I cannot get a full breath in since yesterday,RED,en:I cannot get a full breath in {t}
My legs are hugely swollen and now it's hard to lie flat since yesterday,RED,en:my legs are hugely swollen and now it's hard to lie flat {t}
I've been peeing blood since last night,RED,en:I've been peeing blood {t}
I have stage 3 kidney disease and I have a dull ache in my kidney area over the past week,YELLOW,en:I have a dull ache in my kidney area {t}
"Since my kidney stone, I brought up blood since last night",RED,en:I brought up blood {t}
My doctor said I have reduced kidney function and I've been sleeping badly and feel restless since this afternoon,YELLOW,en:I've been sleeping badly and feel restless {t}
"আমার কিডনি রোগ আছে, প্রস্রাবে ফেনা হচ্ছে",YELLOW,bn:{t}প্রস্রাবে ফেনা হচ্ছে
I had a kidney transplant last year and I haven't passed any urine for a few days now,RED,en:I haven't passed any urine {t}
I'm on dialysis and there's a metallic taste in my mouth since this afternoon,YELLOW,en:there's a metallic taste in my mouth {t}
"Since my kidney stone, I feel severely confused since yesterday",RED,en:I feel severely confused {t}
I have no urine output since this afternoon,RED,en:I have no urine output {t}
"আসসালামু আলাইকুম, গত ভিজিটে সাহায্যের জন্য ধন্যবাদ",GREEN,bn:গত ভিজিটে সাহায্যের জন্য ধন্যবাদ
"দয়া করে জানাবেন, কলা খেতে পারব কি?",GREEN,bn:কলা খেতে পারব কি?
"Since my kidney stone, I go lightheaded when I stand up since last night",YELLOW,en:I go lightheaded when I stand up {t}
"Since my kidney stone, I get breathless just walking across the room for a few days now",RED,en:I get breathless just walking across the room {t}
I have CKD and my chest feels tight and heavy since yesterday,RED,en:my chest feels tight and heavy {t}
Quick question - is brown rice okay for my diet?,GREEN,en:is brown rice okay for my diet?
My bladder feels full but nothing will come since yesterday,RED,en:my bladder feels full but nothing will come {t}
"আমি ডায়ালাইসিস নিচ্ছি, কয়েকদিন ধরে রক্ত বমি হচ্ছে",RED,bn:{t}রক্ত বমি হচ্ছে
I had a kidney transplant last year and I'm extremely drowsy and can barely stay awake for a few days now,RED,en:I'm extremely drowsy and can barely stay awake {t}
I have CKD and my ankles puff up by the evening this morning,YELLOW,en:my ankles puff up by the evening {t}
I'm on dialysis and I'm not urinating as much as I used to this morning,YELLOW,en:I'm not urinating as much as I used to {t}
"আসসালামু আলাইকুম, টমেটো খাওয়া যাবে কি?",GREEN,bn:টমেটো খাওয়া যাবে কি?
I have stage 3 kidney disease and I can't catch my breath and my chest feels tight,RED,en:I can't catch my breath and my chest feels tight
"Good morning, can my family member pick up my medication?",GREEN,en:can my family member pick up my medication?
My doctor said I have reduced kidney function and my blood pressure readings are higher than normal since yesterday,YELLOW,en:my blood pressure readings are higher than normal {t}
Can I get a medical certificate for work?,GREEN,en:can I get a medical certificate for work?
"Please, what time is my dialysis session tomorrow?",GREEN,en:what time is my dialysis session tomorrow?
"Good morning, how many cups of fluid can I have daily?",GREEN,en:how many cups of fluid can I have daily?
I had a kidney transplant last year and I'm not urinating as much as I used to since yesterday,YELLOW,en:I'm not urinating as much as I used to {t}
"কিডনি রোগী হিসেবে বলছি, গতকাল থেকে পা ফুলে যাচ্ছে",YELLOW,bn:{t}পা ফুলে যাচ্ছে
"Please, can I get my flu vaccination at the clinic?",GREEN,en:can I get my flu vaccination at the clinic?
I have CKD and my legs are hugely swollen and now it's hard to lie flat since yesterday,RED,en:my legs are hugely swollen and now it's hard to lie flat {t}
I have CKD and I've been throwing up nonstop and can't keep any water down since last night,RED,en:I've been throwing up nonstop and can't keep any water down {t}
"Please, can you send me a copy of my prescription?",GREEN,en:can you send me a copy of my prescription?
"Good morning, thank you for the help during my last visit",GREEN,en:thank you for the help during my last visit
"Please, how much salt is safe for me per day?",GREEN,en:how much salt is safe for me per day?
I have stage 3 kidney disease and my urine output seems lower than normal since this afternoon,YELLOW,en:my urine output seems lower than normal {t}
I have CKD and my urine has an unusual smell since this afternoon,YELLOW,en:my urine has an unusual smell {t}
I have stage 3 kidney disease and I am so swollen that I cannot sleep lying down this morning,RED,en:I am so swollen that I cannot sleep lying down {t}
"কিডনি রোগী হিসেবে বলছি, গতকাল থেকে মুখ ফুলে গেছে",YELLOW,bn:{t}মুখ ফুলে গেছে
I'm on dialysis and I collapsed since yesterday,RED,en:I collapsed {t}
আমি কি বিমানে ভ্রমণ করতে পারব?,GREEN,bn:আমি কি বিমানে ভ্রমণ করতে পারব?
"আমার কিডনি রোগ আছে, কয়েকদিন ধরে রক্ত বমি হচ্ছে",RED,bn:{t}রক্ত বমি হচ্ছে
"Hi, can I travel by plane next month?",GREEN,en:can I travel by plane next month?
I had a kidney transplant last year and blood is coming through my urine since this afternoon,RED,en:blood is coming through my urine {t}
"As a kidney patient, I get cramp in my legs at night since last night",YELLOW,en:I get cramp in my legs at night {t}
I'm on dialysis and I have been sleeping badly since this afternoon,YELLOW,en:I have been sleeping badly {t}
I have the most severe headache I have ever felt since last night,RED,en:I have the most severe headache I have ever felt {t}
"Good morning, is the pharmacy open after 6 pm?",GREEN,en:is the pharmacy open after 6 pm?
I had a kidney transplant last year and I get cramp in my legs at night over the past week,YELLOW,en:I get cramp in my legs at night {t}
"Since my kidney stone, I get cramp in my legs at night for the last two days",YELLOW,en:I get cramp in my legs at night {t}
I had a kidney transplant last year and my side hurts near where my kidney is this morning,YELLOW,en:my side hurts near where my kidney is {t}
My doctor said I have reduced kidney function and my stomach has been hurting a little for a few days now,YELLOW,en:my stomach has been hurting a little {t}
Should I take my phosphate binder before or after meals?,GREEN,en:should I take my phosphate binder before or after meals?
My doctor said I have reduced kidney function and my chest feels tight and heavy since last night,RED,en:my chest feels tight and heavy {t}
I have CKD and I have gone off my food since last night,YELLOW,en:I have gone off my food {t}
I'm on dialysis and I've been vomiting blood since this afternoon,RED,en:I've been vomiting blood {t}
I'm on dialysis and my blood pressure has been higher than usual for the last two days,YELLOW,en:my blood pressure has been higher than usual {t}
"As a kidney patient, I have some abdominal cramping since last night",YELLOW,en:I have some abdominal cramping {t}
I'm on dialysis and I've noticed a strange odor in my urine for the last two days,YELLOW,en:I've noticed a strange odor in my urine {t}
"As a kidney patient, I am passing dark red urine since this afternoon",RED,en:I am passing dark red urine {t}
Quick question - thank you for the help during my last visit,GREEN,en:thank you for the help during my last visit
What time is my dialysis session tomorrow?,GREEN,en:what time is my dialysis session tomorrow?
My doctor said I have reduced kidney function and this is the worst headache I've ever had since last night,RED,en:this is the worst headache I've ever had {t}
"আমার কিডনি রোগ আছে, গতকাল থেকে হঠাৎ তীব্র মাথাব্যথা শুরু হয়েছে",RED,bn:{t}হঠাৎ তীব্র মাথাব্যথা শুরু হয়েছে
I had a kidney transplant last year and my legs and ankles have been swelling since this afternoon,YELLOW,en:my legs and ankles have been swelling {t}
My doctor said I have reduced kidney function and I am too weak to stand up since yesterday,RED,en:I am too weak to stand up {t}
My side hurts near where my kidney is for the last two days,YELLOW,en:my side hurts near where my kidney is {t}
"Please, is there wheelchair access at the entrance?",GREEN,en:is there wheelchair access at the entrance?
There's blood when I pee for a few days now,RED,en:there's blood when I pee {t}
"As a kidney patient, I've had a dull headache and feel a bit off since last night",YELLOW,en:I've had a dull headache and feel a bit off {t}
I'd like to request a refill of my blood pressure medication,GREEN,en:I'd like to request a refill of my blood pressure medication
I have CKD and I have a headache since this afternoon,YELLOW,en:I have a headache {t}
I am so swollen that I cannot sleep lying down for a few days now,RED,en:I am so swollen that I cannot sleep lying down {t}
"As a kidney patient, my side hurts near where my kidney is since yesterday",YELLOW,en:my side hurts near where my kidney is {t}
"As a kidney patient, I have a headache this morning",YELLOW,en:I have a headache {t}
I'm on dialysis and I have gone off my food for a few days now,YELLOW,en:I have gone off my food {t}
I've had muscle cramps since last night,YELLOW,en:I've had muscle cramps {t}
I had a kidney transplant last year and I've been vomiting blood since yesterday,RED,en:I've been vomiting blood {t}
I have CKD and I have a dull ache in my kidney area since this afternoon,YELLOW,en:I have a dull ache in my kidney area {t}
"Since my kidney stone, I've been peeing blood since last night",RED,en:I've been peeing blood {t}
ওষুধ খাওয়ার নিয়ম কী?,GREEN,bn:ওষুধ খাওয়ার নিয়ম কী?
"আমার কিডনির কার্যক্ষমতা কমে গেছে, আজ সকাল থেকে পেটে হালকা ব্যথা",YELLOW,bn:{t}পেটে হালকা ব্যথা
"Good morning, should I bring my previous reports to the appointment?",GREEN,en:should I bring my previous reports to the appointment?
My doctor said I have reduced kidney function and I have a mild headache this morning,YELLOW,en:I have a mild headache {t}
I have stage 3 kidney disease and my side hurts near where my kidney is for the last two days,YELLOW,en:my side hurts near where my kidney is {t}
Quick question - is it fine to have yogurt on my diet?,GREEN,en:is it fine to have yogurt on my diet?
"As a kidney patient, my chest feels squeezed for the last two days",RED,en:my chest feels squeezed {t}
I'm on dialysis and I've been urinating less than usual this morning,YELLOW,en:I've been urinating less than usual {t}
"আমার কিডনি রোগ আছে, গতকাল থেকে কিডনির জায়গায় হালকা ব্যথা",YELLOW,bn:{t}কিডনির জায়গায় হালকা ব্যথা
I had a kidney transplant last year and I have some discomfort around my kidneys for the last two days,YELLOW,en:I have some discomfort around my kidneys {t}
I'm peeing much less than before for a few days now,YELLOW,en:I'm peeing much less than before {t}
I have CKD and I have no urine output since last night,RED,en:I have no urine output {t}
I had a kidney transplant last year and my family said I was unresponsive since last night,RED,en:my family said I was unresponsive {t}
"দয়া করে জানাবেন, গত ভিজিটে সাহায্যের জন্য ধন্যবাদ",GREEN,bn:গত ভিজিটে সাহায্যের জন্য ধন্যবাদ
"Good morning, can I reschedule my lab test to the morning?",GREEN,en:can I reschedule my lab test to the morning?
"As a kidney patient, I'm peeing much less than before since last night",YELLOW,en:I'm peeing much less than before {t}
I'm on dialysis and I am so swollen that I cannot sleep lying down for a few days now,RED,en:I am so swollen that I cannot sleep lying down {t}
I have CKD and I have flank pain for a few days now,YELLOW,en:I have flank pain {t}
I'm on dialysis and my blood pressure readings are higher than normal over the past week,YELLOW,en:my blood pressure readings are higher than normal {t}
I have CKD and I have a mild headache since yesterday,YELLOW,en:I have a mild headache {t}
"As a kidney patient, I go lightheaded when I stand up since last night",YELLOW,en:I go lightheaded when I stand up {t}
I'm on dialysis and I haven't passed any urine over the past week,RED,en:I haven't passed any urine {t}
How many cups of fluid can I have daily?,GREEN,en:how many cups of fluid can I have daily?
"আমি ডায়ালাইসিস নিচ্ছি, মুখে ধাতব স্বাদ লাগছে",YELLOW,bn:{t}মুখে ধাতব স্বাদ লাগছে
"Please, can I drink coffee on my dialysis days?",GREEN,en:can I drink coffee on my dialysis days?
"Since my kidney stone, I get cramp in my legs at night over the past week",YELLOW,en:I get cramp in my legs at night {t}
"দয়া করে জানাবেন, আমি কি বিমানে ভ্রমণ করতে পারব?",GREEN,bn:আমি কি বিমানে ভ্রমণ করতে পারব?
"Since my kidney stone, I am badly out of breath for a few days now",RED,en:I am badly out of breath {t}
I have the most severe headache I have ever felt since yesterday,RED,en:I have the most severe headache I have ever felt {t}
"As a kidney patient, I have a sudden severe headache, the worst one of my life this morning",RED,"en:I have a sudden severe headache, the worst one of my life {t}"
My doctor said I have reduced kidney function and there is red in the toilet after I pee since last night,RED,en:there is red in the toilet after I pee {t}
I get breathless just walking across the room over the past week,RED,en:I get breathless just walking across the room {t}
I had a kidney transplant last year and I passed out over the past week,RED,en:I passed out {t}
"Please, can I book an appointment for next Monday?",GREEN,en:can I book an appointment for next Monday?
I had a kidney transplant last year and I passed out this morning,RED,en:I passed out {t}
"Hello, are my last lab results available yet?",GREEN,en:are my last lab results available yet?
I have stage 3 kidney disease and I've noticed a strange odor in my urine since yesterday,YELLOW,en:I've noticed a strange odor in my urine {t}
My skin itches badly for a few days now,YELLOW,en:my skin itches badly {t}
I have stage 3 kidney disease and I have severe abdominal pain that won't go away for the last two days,RED,en:I have severe abdominal pain that won't go away {t}
Quick question - what documents do I need for my next visit?,GREEN,en:what documents do I need for my next visit?
"আমার কিডনি রোগ আছে, দুই দিন ধরে শ্বাসকষ্ট হচ্ছে",RED,bn:{t}শ্বাসকষ্ট হচ্ছে
My doctor said I have reduced kidney function and I noticed blood in my urine since last night,RED,en:I noticed blood in my urine {t}
"দয়া করে জানাবেন, দিনে কতটুকু পানি খাব?",GREEN,bn:দিনে কতটুকু পানি খাব?
"Please, can I travel by plane next month?",GREEN,en:can I travel by plane next month?
I have CKD and this is the worst headache I've ever had this morning,RED,en:this is the worst headache I've ever had {t}
"Please, can I pay my bill online?",GREEN,en:can I pay my bill online?
কাল রাত থেকে প্রস্রাবে রক্ত যাচ্ছে,RED,bn:{t}প্রস্রাবে রক্ত যাচ্ছে
একটা প্রশ্ন ছিল - ওষুধ খাওয়ার নিয়ম কী?,GREEN,bn:ওষুধ খাওয়ার নিয়ম কী?
I have stage 3 kidney disease and my hands and feet feel swollen for the last two days,YELLOW,en:my hands and feet feel swollen {t}
"As a kidney patient, I get breathless just walking across the room since this afternoon",RED,en:I get breathless just walking across the room {t}
"As a kidney patient, my urination has decreased this morning",YELLOW,en:my urination has decreased {t}
"আসসালামু আলাইকুম, প্রেসক্রিপশনের একটি কপি পাঠাতে পারবেন?",GREEN,bn:প্রেসক্রিপশনের একটি কপি পাঠাতে পারবেন?
"As a kidney patient, I'm peeing much less than before for the last two days",YELLOW,en:I'm peeing much less than before {t}
I have stage 3 kidney disease and I have some abdominal pain since yesterday,YELLOW,en:I have some abdominal pain {t}
"Hello, should I bring my previous reports to the appointment?",GREEN,en:should I bring my previous reports to the appointment?
"Hello, can I take paracetamol for a mild headache?",GREEN,en:can I take paracetamol for a mild headache?
"Good morning, I get a mild headache sometimes, is that anything to worry about?",GREEN,"en:I get a mild headache sometimes, is that anything to worry about?"
রক্ত পরীক্ষার আগে কি খালি পেটে থাকতে হবে?,GREEN,bn:রক্ত পরীক্ষার আগে কি খালি পেটে থাকতে হবে?
I feel severely confused since last night,RED,en:I feel severely confused {t}
I had a kidney transplant last year and I go lightheaded when I stand up this morning,YELLOW,en:I go lightheaded when I stand up {t}
Blood is coming through my urine for the last two days,RED,en:blood is coming through my urine {t}
I have CKD and my urine smells different than usual this morning,YELLOW,en:my urine smells different than usual {t}
দিনে কতটুকু লবণ খাওয়া নিরাপদ?,GREEN,bn:দিনে কতটুকু লবণ খাওয়া নিরাপদ?
I have CKD and I've had muscle cramps since last night,YELLOW,en:I've had muscle cramps {t}
"Hi, what should my daily water intake be?",GREEN,en:what should my daily water intake be?
"কিডনি রোগী হিসেবে বলছি, দুই দিন ধরে হালকা মাথাব্যথা করছে",YELLOW,bn:{t}হালকা মাথাব্যথা করছে
"Hello, I'd like to request a refill of my blood pressure medication",GREEN,en:I'd like to request a refill of my blood pressure medication
I had a kidney transplant last year and I've been feeling very tired and weak for the last two days,YELLOW,en:I've been feeling very tired and weak {t}
"Since my kidney stone, my urine has an unusual smell since this afternoon",YELLOW,en:my urine has an unusual smell {t}
"Since my kidney stone, I'm peeing much less than before since this afternoon",YELLOW,en:I'm peeing much less than before {t}
"As a kidney patient, I am so swollen that I cannot sleep lying down this morning",RED,en:I am so swollen that I cannot sleep lying down {t}
My back is hurting near my kidneys over the past week,YELLOW,en:my back is hurting near my kidneys {t}
"Since my kidney stone, my ankles leave a dent when I press them since last night",YELLOW,en:my ankles leave a dent when I press them {t}
আজ সকাল থেকে খিঁচুনি হয়েছে,RED,bn:{t}খিঁচুনি হয়েছে
"Please, is it normal to get an occasional mild headache?",GREEN,en:is it normal to get an occasional mild headache?
I'm on dialysis and my stomach feels bloated after meals since last night,YELLOW,en:my stomach feels bloated after meals {t}
"Since my kidney stone, my urination has decreased for the last two days",YELLOW,en:my urination has decreased {t}
I have CKD and I've noticed a strange odor in my urine over the past week,YELLOW,en:I've noticed a strange odor in my urine {t}
"Since my kidney stone, I feel dizzy when I stand up since yesterday",YELLOW,en:I feel dizzy when I stand up {t}
"Hello, can my family member pick up my medication?",GREEN,en:can my family member pick up my medication?
Quick question - can I reschedule my lab test to the morning?,GREEN,en:can I reschedule my lab test to the morning?
How do I sign up for the patient portal?,GREEN,en:how do I sign up for the patient portal?
আজ সকাল থেকে শ্বাসকষ্ট হচ্ছে,RED,bn:{t}শ্বাসকষ্ট হচ্ছে
গতকাল থেকে শ্বাস নিতে খুব কষ্ট হচ্ছে,RED,bn:{t}শ্বাস নিতে খুব কষ্ট হচ্ছে
Is it okay to have oranges with my potassium levels?,GREEN,en:is it okay to have oranges with my potassium levels?
My doctor said I have reduced kidney function and I go lightheaded when I stand up for the last two days,YELLOW,en:I go lightheaded when I stand up {t}
"Since my kidney stone, I have severe abdominal pain that won't go away over the past week",RED,en:I have severe abdominal pain that won't go away {t}
Is a bit of an upset stomach after meals normal for my condition?,GREEN,en:is a bit of an upset stomach after meals normal for my condition?
I have CKD and there is red in the toilet after I pee for a few days now,RED,en:there is red in the toilet after I pee {t}
ডায়ালাইসিসের সময় কখন?,GREEN,bn:ডায়ালাইসিসের সময় কখন?
I'm on dialysis and I'm extremely drowsy and can barely stay awake since yesterday,RED,en:I'm extremely drowsy and can barely stay awake {t}
"As a kidney patient, I cannot empty my bladder since yesterday",RED,en:I cannot empty my bladder {t}
Quick question - can I get a medical certificate for work?,GREEN,en:can I get a medical certificate for work?
I'm on dialysis and I haven't passed any urine since last night,RED,en:I haven't passed any urine {t}
I had a kidney transplant last year and I've been throwing up nonstop and can't keep any water down since last night,RED,en:I've been throwing up nonstop and can't keep any water down {t}
"Hello, can I get a medical certificate for work?",GREEN,en:can I get a medical certificate for work?
"Hi, can I eat bananas on my current diet?",GREEN,en:can I eat bananas on my current diet?
My doctor said I have reduced kidney function and my skin itches badly this morning,YELLOW,en:my skin itches badly {t}
"Good morning, is there wheelchair access at the entrance?",GREEN,en:is there wheelchair access at the entrance?
I have stage 3 kidney disease and there is red in the toilet after I pee since this afternoon,RED,en:there is red in the toilet after I pee {t}
"Hello, how many cups of fluid can I have daily?",GREEN,en:how many cups of fluid can I have daily?
Quick question - can I pay my bill online?,GREEN,en:can I pay my bill online?
"আমার কিডনির কার্যক্ষমতা কমে গেছে, কয়েকদিন ধরে প্রস্রাব কম হচ্ছে",YELLOW,bn:{t}প্রস্রাব কম হচ্ছে
"Since my kidney stone, my legs and ankles have been swelling since this afternoon",YELLOW,en:my legs and ankles have been swelling {t}
I'm on dialysis and I've had a headache on and off since this afternoon,YELLOW,en:I've had a headache on and off {t}
I'm on dialysis and I can't breathe properly over the past week,RED,en:I can't breathe properly {t}
"আমার কিডনি রোগ আছে, কাল রাত থেকে খুব দুর্বল লাগছে",YELLOW,bn:{t}খুব দুর্বল লাগছে
I've had muscle cramps since yesterday,YELLOW,en:I've had muscle cramps {t}
My doctor said I have reduced kidney function and my eyes are puffy in the mornings this morning,YELLOW,en:my eyes are puffy in the mornings {t}
গতকাল থেকে বমি বমি ভাব লাগছে,YELLOW,bn:{t}বমি বমি ভাব লাগছে
I have stage 3 kidney disease and I passed out over the past week,RED,en:I passed out {t}
"As a kidney patient, I've been peeing blood this morning",RED,en:I've been peeing blood {t}
"Hello, when is my next follow-up scheduled?",GREEN,en:when is my next follow-up scheduled?
Quick question - when is my next follow-up scheduled?,GREEN,en:when is my next follow-up scheduled?
"As a kidney patient, I have severe pain in my side with a high fever and shaking chills over the past week",RED,en:I have severe pain in my side with a high fever and shaking chills {t}
I had a kidney transplant last year and I'm having chest pain since last night,RED,en:I'm having chest pain {t}
I'm not urinating as much as I used to since yesterday,YELLOW,en:I'm not urinating as much as I used to {t}
"As a kidney patient, I am badly out of breath for a few days now",RED,en:I am badly out of breath {t}
My doctor said I have reduced kidney function and my skin itches badly since yesterday,YELLOW,en:my skin itches badly {t}
"Hi, is it normal to get an occasional mild headache?",GREEN,en:is it normal to get an occasional mild headache?
I have stage 3 kidney disease and I have no urine output over the past week,RED,en:I have no urine output {t}
My doctor said I have reduced kidney function and my urine output seems lower than normal since last night,YELLOW,en:my urine output seems lower than normal {t}
টমেটো খাওয়া যাবে কি?,GREEN,bn:টমেটো খাওয়া যাবে কি?
Quick question - can I drink coffee on my dialysis days?,GREEN,en:can I drink coffee on my dialysis days?
I'm on dialysis and my urine smells different than usual this morning,YELLOW,en:my urine smells different than usual {t}
I have stage 3 kidney disease and my blood pressure has been higher than usual since this afternoon,YELLOW,en:my blood pressure has been higher than usual {t}
"কিডনি রোগী হিসেবে বলছি, আজ সকাল থেকে বমি বমি ভাব লাগছে",YELLOW,bn:{t}বমি বমি ভাব লাগছে
আজ সকাল থেকে খুব দুর্বল লাগছে,YELLOW,bn:{t}খুব দুর্বল লাগছে
"As a kidney patient, my skin itches badly for a few days now",YELLOW,en:my skin itches badly {t}
একটা প্রশ্ন ছিল - ডায়ালাইসিসের সময় কখন?,GREEN,bn:ডায়ালাইসিসের সময় কখন?
I'm on dialysis and my stomach has been hurting a little since this afternoon,YELLOW,en:my stomach has been hurting a little {t}
I have CKD and my blood pressure readings are higher than normal since yesterday,YELLOW,en:my blood pressure readings are higher than normal {t}
My doctor said I have reduced kidney function and I have the most severe headache I have ever felt this morning,RED,en:I have the most severe headache I have ever felt {t}
"As a kidney patient, I fainted since yesterday",RED,en:I fainted {t}
Quick question - is it safe for me to exercise at the gym?,GREEN,en:is it safe for me to exercise at the gym?
I'm on dialysis and I've had a dull headache and feel a bit off since last night,YELLOW,en:I've had a dull headache and feel a bit off {t}
I have CKD and I'm extremely drowsy and can barely stay awake since this afternoon,RED,en:I'm extremely drowsy and can barely stay awake {t}
"কিডনি রোগী হিসেবে বলছি, গতকাল থেকে রক্তচাপ স্বাভাবিকের চেয়ে বেশি",YELLOW,bn:{t}রক্তচাপ স্বাভাবিকের চেয়ে বেশি
I have severe abdominal pain that won't go away for a few days now,RED,en:I have severe abdominal pain that won't go away {t}
"আমার কিডনির কার্যক্ষমতা কমে গেছে, কয়েকদিন ধরে বুকে চাপ লাগছে",RED,bn:{t}বুকে চাপ লাগছে
"As a kidney patient, I noticed blood in my urine this morning",RED,en:I noticed blood in my urine {t}
I have stage 3 kidney disease and my urine output seems lower than normal for a few days now,YELLOW,en:my urine output seems lower than normal {t}
"আমি ডায়ালাইসিস নিচ্ছি, আজ সকাল থেকে হঠাৎ তীব্র মাথাব্যথা শুরু হয়েছে",RED,bn:{t}হঠাৎ তীব্র মাথাব্যথা শুরু হয়েছে
My urine is the colour of blood this morning,RED,en:my urine is the colour of blood {t}
I have stage 3 kidney disease and my legs are hugely swollen and now it's hard to lie flat since yesterday,RED,en:my legs are hugely swollen and now it's hard to lie flat {t}
Quick question - is it normal to get an occasional mild headache?,GREEN,en:is it normal to get an occasional mild headache?
I have stage 3 kidney disease and I've had a dull headache and feel a bit off this morning,YELLOW,en:I've had a dull headache and feel a bit off {t}
"আমার কিডনির কার্যক্ষমতা কমে গেছে, কাল রাত থেকে পেটে হালকা ব্যথা",YELLOW,bn:{t}পেটে হালকা ব্যথা
"আমার কিডনি রোগ আছে, রক্ত বমি হচ্ছে",RED,bn:{t}রক্ত বমি হচ্ছে
I had a kidney transplant last year and there is pressure across my chest over the past week,RED,en:there is pressure across my chest {t}
My ankles puff up by the evening since last night,YELLOW,en:my ankles puff up by the evening {t}
Quick question - do I need to fast before my blood test?,GREEN,en:do I need to fast before my blood test?
My doctor said I have reduced kidney function and nothing comes out when I try to pee for a few days now,RED,en:nothing comes out when I try to pee {t}
Can I eat bananas on my current diet?,GREEN,en:can I eat bananas on my current diet?
Quick question - does the clinic open on weekends?,GREEN,en:does the clinic open on weekends?
"আমি ডায়ালাইসিস নিচ্ছি, কাল রাত থেকে প্রস্রাবে রক্ত যাচ্ছে",RED,bn:{t}প্রস্রাবে রক্ত যাচ্ছে
"আমার কিডনি রোগ আছে, কয়েকদিন ধরে বুকে চাপ লাগছে",RED,bn:{t}বুকে চাপ লাগছে
"Good morning, is it fine to have yogurt on my diet?",GREEN,en:is it fine to have yogurt on my diet?
I'm on dialysis and I am badly out of breath for a few days now,RED,en:I am badly out of breath {t}
I had a kidney transplant last year and I brought up blood since this afternoon,RED,en:I brought up blood {t}
My doctor said I have reduced kidney function and I have severe pain in my side with a high fever and shaking chills over the past week,RED,en:I have severe pain in my side with a high fever and shaking chills {t}
"Please, how do I update my address in your records?",GREEN,en:how do I update my address in your records?
"Hello, can I travel by plane next month?",GREEN,en:can I travel by plane next month?
I have CKD and I have some discomfort around my kidneys over the past week,YELLOW,en:I have some discomfort around my kidneys {t}
I have CKD and my urine is the colour of blood since last night,RED,en:my urine is the colour of blood {t}
I had a kidney transplant last year and my ankles leave a dent when I press them this morning,YELLOW,en:my ankles leave a dent when I press them {t}
"As a kidney patient, I pass water less often than I used to for the last two days",YELLOW,en:I pass water less often than I used to {t}
একটা প্রশ্ন ছিল - ব্যায়াম করা কি আমার জন্য নিরাপদ?,GREEN,bn:ব্যায়াম করা কি আমার জন্য নিরাপদ?
"As a kidney patient, I fainted for a few days now",RED,en:I fainted {t}
I'm on dialysis and my urine looks foamy since last night,YELLOW,en:my urine looks foamy {t}
I brought up blood for the last two days,RED,en:I brought up blood {t}
My doctor said I have reduced kidney function and my urine has an unusual smell this morning,YELLOW,en:my urine has an unusual smell {t}
I have stage 3 kidney disease and I have some abdominal cramping this morning,YELLOW,en:I have some abdominal cramping {t}
"As a kidney patient, there is pressure across my chest since last night",RED,en:there is pressure across my chest {t}
Quick question - can I travel by plane next month?,GREEN,en:can I travel by plane next month?
"As a kidney patient, I have been sleeping badly for a few days now",YELLOW,en:I have been sleeping badly {t}
"Good morning, can I drink coffee on my dialysis days?",GREEN,en:can I drink coffee on my dialysis days?
"As a kidney patient, I am passing dark red urine over the past week",RED,en:I am passing dark red urine {t}
I have stage 3 kidney disease and my stomach has been hurting a little since last night,YELLOW,en:my stomach has been hurting a little {t}
I have a mild fever since last night,YELLOW,en:I have a mild fever {t}
I have CKD and there is red in the toilet after I pee since this afternoon,RED,en:there is red in the toilet after I pee {t}
I'm on dialysis and I have a mild headache this morning,YELLOW,en:I have a mild headache {t}
"আমার কিডনি রোগ আছে, কাল রাত থেকে প্রস্রাবে রক্ত যাচ্ছে",RED,bn:{t}প্রস্রাবে রক্ত যাচ্ছে
My doctor said I have reduced kidney function and my chest feels tight and heavy this morning,RED,en:my chest feels tight and heavy {t}
"আমি ডায়ালাইসিস নিচ্ছি, কাল রাত থেকে হালকা জ্বর এসেছে",YELLOW,bn:{t}হালকা জ্বর এসেছে
"আমার কিডনি রোগ আছে, আজ সকাল থেকে রক্তচাপ স্বাভাবিকের চেয়ে বেশি",YELLOW,bn:{t}রক্তচাপ স্বাভাবিকের চেয়ে বেশি
"আমার কিডনির কার্যক্ষমতা কমে গেছে, আমি জ্ঞান হারিয়ে ফেলেছিলাম",RED,bn:{t}আমি জ্ঞান হারিয়ে ফেলেছিলাম
"Good morning, how do I update my address in your records?",GREEN,en:how do I update my address in your records?
Quick question - is the pharmacy open after 6 pm?,GREEN,en:is the pharmacy open after 6 pm?
"আমি ডায়ালাইসিস নিচ্ছি, কাল রাত থেকে মুখ ফুলে গেছে",YELLOW,bn:{t}মুখ ফুলে গেছে
I have CKD and I haven't been going to the bathroom as much since this afternoon,YELLOW,en:I haven't been going to the bathroom as much {t}
I had a kidney transplant last year and I've gained a few kilos since this afternoon and feel bloated,YELLOW,en:I've gained a few kilos {t} and feel bloated
"Good morning, is it okay to have oranges with my potassium levels?",GREEN,en:is it okay to have oranges with my potassium levels?
I have stage 3 kidney disease and I'm not urinating as much as I used to for a few days now,YELLOW,en:I'm not urinating as much as I used to {t}
My doctor said I have reduced kidney function and there's blood when I pee since yesterday,RED,en:there's blood when I pee {t}
"Since my kidney stone, I've been short of breath for the last two days",RED,en:I've been short of breath {t}
"Please, can my family member pick up my medication?",GREEN,en:can my family member pick up my medication?
গতকাল থেকে প্রস্রাব কম হচ্ছে,YELLOW,bn:{t}প্রস্রাব কম হচ্ছে
"Hello, is it okay to have oranges with my potassium levels?",GREEN,en:is it okay to have oranges with my potassium levels?
"Since my kidney stone, my urine looks foamy this morning",YELLOW,en:my urine looks foamy {t}
I have CKD and food does not taste right since yesterday,YELLOW,en:food does not taste right {t}
I'm on dialysis and this is the worst headache I've ever had for the last two days,RED,en:this is the worst headache I've ever had {t}
I'm on dialysis and I've been really itchy all over this morning,YELLOW,en:I've been really itchy all over {t}
I'm on dialysis and my heartbeat feels irregular and I'm very weak and dizzy since yesterday,RED,en:my heartbeat feels irregular and I'm very weak and dizzy {t}
"Since my kidney stone, I brought up blood over the past week",RED,en:I brought up blood {t}
I have stage 3 kidney disease and I get cramp in my legs at night for a few days now,YELLOW,en:I get cramp in my legs at night {t}
"আমার কিডনি রোগ আছে, দুই দিন ধরে মুখ ফুলে গেছে",YELLOW,bn:{t}মুখ ফুলে গেছে
I'm on dialysis and I have pain near my kidneys over the past week,YELLOW,en:I have pain near my kidneys {t}
I had a kidney transplant last year and I've had a headache on and off over the past week,YELLOW,en:I've had a headache on and off {t}
I'm on dialysis and my blood pressure has been higher than usual since yesterday,YELLOW,en:my blood pressure has been higher than usual {t}
"Good morning, can I book an appointment for next Monday?",GREEN,en:can I book an appointment for next Monday?
My doctor said I have reduced kidney function and I think I had a seizure since yesterday,RED,en:I think I had a seizure {t}
কাল রাত থেকে প্রস্রাব একদম বন্ধ হয়ে গেছে,RED,bn:{t}প্রস্রাব একদম বন্ধ হয়ে গেছে
My doctor said I have reduced kidney function and I cannot get a full breath in since this afternoon,RED,en:I cannot get a full breath in {t}
"Since my kidney stone, I'm going to the bathroom less often for a few days now",YELLOW,en:I'm going to the bathroom less often {t}
My doctor said I have reduced kidney function and I'm peeing much less than before for a few days now,YELLOW,en:I'm peeing much less than before {t}
Can I drink coffee on my dialysis days?,GREEN,en:can I drink coffee on my dialysis days?
I have stage 3 kidney disease and my bladder feels full but nothing will come for a few days now,RED,en:my bladder feels full but nothing will come {t}
I have stage 3 kidney disease and I have not been able to pee for a few days now,RED,en:I have not been able to pee {t}
I have CKD and I have severe pain in my side with a high fever and shaking chills since yesterday,RED,en:I have severe pain in my side with a high fever and shaking chills {t}
I'm peeing much less than before since yesterday,YELLOW,en:I'm peeing much less than before {t}
"আসসালামু আলাইকুম, ভাত কতটুকু খাওয়া যাবে?",GREEN,bn:ভাত কতটুকু খাওয়া যাবে?
"কিডনি রোগী হিসেবে বলছি, কাল রাত থেকে খুব ক্লান্ত লাগছে",YELLOW,bn:{t}খুব ক্লান্ত লাগছে
I have stage 3 kidney disease and I'm extremely drowsy and can barely stay awake since yesterday,RED,en:I'm extremely drowsy and can barely stay awake {t}
"আমার কিডনি রোগ আছে, কাল রাত থেকে কোমরে ব্যথা করছে",YELLOW,bn:{t}কোমরে ব্যথা করছে
I had a kidney transplant last year and I am too weak to stand up for the last two days,RED,en:I am too weak to stand up {t}
Can I eat tomatoes with my condition?,GREEN,en:can I eat tomatoes with my condition?
I'm on dialysis and I feel nauseous and have lost my appetite for a few days now,YELLOW,en:I feel nauseous and have lost my appetite {t}
I haven't passed any urine since this afternoon,RED,en:I haven't passed any urine {t}
কয়েকদিন ধরে অজ্ঞান হয়ে গিয়েছিলাম,RED,bn:{t}অজ্ঞান হয়ে গিয়েছিলাম
পরের ভিজিট কবে?,GREEN,bn:পরের ভিজিট কবে?
"As a kidney patient, I have some discomfort around my kidneys since last night",YELLOW,en:I have some discomfort around my kidneys {t}
I'm on dialysis and I am badly out of breath this morning,RED,en:I am badly out of breath {t}
"I get a mild headache sometimes, is that anything to worry about?",GREEN,"en:I get a mild headache sometimes, is that anything to worry about?"
"Since my kidney stone, my ankles leave a dent when I press them for a few days now",YELLOW,en:my ankles leave a dent when I press them {t}
I have stage 3 kidney disease and I get breathless just walking across the room for the last two days,RED,en:I get breathless just walking across the room {t}
একটা প্রশ্ন ছিল - দিনে কতটুকু লবণ খাওয়া নিরাপদ?,GREEN,bn:দিনে কতটুকু লবণ খাওয়া নিরাপদ?
"Hello, I get a mild headache sometimes, is that anything to worry about?",GREEN,"en:I get a mild headache sometimes, is that anything to worry about?"
My doctor said I have reduced kidney function and my face looks puffy since last night,YELLOW,en:my face looks puffy {t}
Does the clinic open on weekends?,GREEN,en:does the clinic open on weekends?
"Since my kidney stone, I've been urinating less than usual over the past week",YELLOW,en:I've been urinating less than usual {t}
"As a kidney patient, I've gained a few kilos since this afternoon and feel bloated",YELLOW,en:I've gained a few kilos {t} and feel bloated
"কিডনি রোগী হিসেবে বলছি, কয়েকদিন ধরে আমি জ্ঞান হারিয়ে ফেলেছিলাম",RED,bn:{t}আমি জ্ঞান হারিয়ে ফেলেছিলাম
I have stage 3 kidney disease and I've been short of breath for a few days now,RED,en:I've been short of breath {t}
My ankles puff up by the evening over the past week,YELLOW,en:my ankles puff up by the evening {t}
"Since my kidney stone, I haven't been going to the bathroom as much for the last two days",YELLOW,en:I haven't been going to the bathroom as much {t}
I'm on dialysis and I've had trouble concentrating and feel foggy for the last two days,YELLOW,en:I've had trouble concentrating and feel foggy {t}
"As a kidney patient, my urine output seems lower than normal this morning",YELLOW,en:my urine output seems lower than normal {t}
"Good morning, are my last lab results available yet?",GREEN,en:are my last lab results available yet?
My doctor said I have reduced kidney function and there's blood in my urine and it won't stop,RED,en:there's blood in my urine and it won't stop
Quick question - is a bit of an upset stomach after meals normal for my condition?,GREEN,en:is a bit of an upset stomach after meals normal for my condition?
I'm on dialysis and my ankles puff up by the evening for the last two days,YELLOW,en:my ankles puff up by the evening {t}
"Please, do I need to fast before my blood test?",GREEN,en:do I need to fast before my blood test?
"আমার কিডনির কার্যক্ষমতা কমে গেছে, কাল রাত থেকে প্রস্রাব হচ্ছে না",RED,bn:{t}প্রস্রাব হচ্ছে না
"দয়া করে জানাবেন, পরের ভিজিট কবে?",GREEN,bn:পরের ভিজিট কবে?
My doctor said I have reduced kidney function and I am so swollen that I cannot sleep lying down for the last two days,RED,en:I am so swollen that I cannot sleep lying down {t}
I'm on dialysis and I have heavy bleeding that won't stop since last night,RED,en:I have heavy bleeding that won't stop {t}
I'm on dialysis and I've had trouble concentrating and feel foggy for a few days now,YELLOW,en:I've had trouble concentrating and feel foggy {t}
"আমার কিডনি রোগ আছে, দুই দিন ধরে হালকা মাথাব্যথা করছে",YELLOW,bn:{t}হালকা মাথাব্যথা করছে
I'm on dialysis and I have had no energy at all over the past week,YELLOW,en:I have had no energy at all {t}
I'm on dialysis and I have a nagging ache in my side since last night,YELLOW,en:I have a nagging ache in my side {t}
"Hi, when is my next follow-up scheduled?",GREEN,en:when is my next follow-up scheduled?
"As a kidney patient, I've had a headache on and off over the past week",YELLOW,en:I've had a headache on and off {t}
I have CKD and my ankles leave a dent when I press them since this afternoon,YELLOW,en:my ankles leave a dent when I press them {t}
I've been throwing up nonstop and can't keep any water down since yesterday,RED,en:I've been throwing up nonstop and can't keep any water down {t}
"আমার কিডনির কার্যক্ষমতা কমে গেছে, গতকাল থেকে অজ্ঞান হয়ে গিয়েছিলাম",RED,bn:{t}অজ্ঞান হয়ে গিয়েছিলাম
"Hi, is a bit of an upset stomach after meals normal for my condition?",GREEN,en:is a bit of an upset stomach after meals normal for my condition?
"Since my kidney stone, there is pressure across my chest since last night",RED,en:there is pressure across my chest {t}
I have CKD and I have a mild headache over the past week,YELLOW,en:I have a mild headache {t}
I have stage 3 kidney disease and my chest feels tight and heavy since this afternoon,RED,en:my chest feels tight and heavy {t}
I have stage 3 kidney disease and I've had a headache on and off since this afternoon,YELLOW,en:I've had a headache on and off {t}
I'm on dialysis and my legs are hugely swollen and now it's hard to lie flat for the last two days,RED,en:my legs are hugely swollen and now it's hard to lie flat {t}
"দয়া করে জানাবেন, ডায়ালাইসিসের সময় কখন?",GREEN,bn:ডায়ালাইসিসের সময় কখন?
একটা প্রশ্ন ছিল - গত ভিজিটে সাহায্যের জন্য ধন্যবাদ,GREEN,bn:গত ভিজিটে সাহায্যের জন্য ধন্যবাদ
I had a kidney transplant last year and food does not taste right since this afternoon,YELLOW,en:food does not taste right {t}
My doctor said I have reduced kidney function and there's blood when I pee since this afternoon,RED,en:there's blood when I pee {t}
I'm on dialysis and my hands and feet feel swollen this morning,YELLOW,en:my hands and feet feel swollen {t}
I have CKD and I have gone off my food this morning,YELLOW,en:I have gone off my food {t}
"আমার কিডনির কার্যক্ষমতা কমে গেছে, কয়েকদিন ধরে সারা শরীর চুলকাচ্ছে",YELLOW,bn:{t}সারা শরীর চুলকাচ্ছে
"As a kidney patient, I have felt feverish for the last two days",YELLOW,en:I have felt feverish {t}
"কিডনি রোগী হিসেবে বলছি, আজ সকাল থেকে হালকা জ্বর এসেছে",YELLOW,bn:{t}হালকা জ্বর এসেছে
I have CKD and I've gained a few kilos this morning and feel bloated,YELLOW,en:I've gained a few kilos {t} and feel bloated
Nothing comes out when I try to pee over the past week,RED,en:nothing comes out when I try to pee {t}
"Good morning, does the clinic open on weekends?",GREEN,en:does the clinic open on weekends?
I have CKD and my urine has turned dark like cola and I feel terrible since last night,RED,en:my urine has turned dark like cola and I feel terrible {t}
I had a kidney transplant last year and I'm peeing much less than before for a few days now,YELLOW,en:I'm peeing much less than before {t}
I had a kidney transplant last year and I have the most severe headache I have ever felt since this afternoon,RED,en:I have the most severe headache I have ever felt {t}
My doctor said I have reduced kidney function and I've gained a few kilos for a few days now and feel bloated,YELLOW,en:I've gained a few kilos {t} and feel bloated
Is it normal to get an occasional mild headache?,GREEN,en:is it normal to get an occasional mild headache?
"আমার কিডনি রোগ আছে, আজ সকাল থেকে মুখে ধাতব স্বাদ লাগছে",YELLOW,bn:{t}মুখে ধাতব স্বাদ লাগছে
কয়েকদিন ধরে বমি বমি ভাব লাগছে,YELLOW,bn:{t}বমি বমি ভাব লাগছে
"Since my kidney stone, I fainted since this afternoon",RED,en:I fainted {t}
"I have a mild stomach ache after eating spicy food, is that normal?",GREEN,"en:I have a mild stomach ache after eating spicy food, is that normal?"
I have CKD and my skin itches badly since last night,YELLOW,en:my skin itches badly {t}
"Since my kidney stone, I get breathless just walking across the room for the last two days",RED,en:I get breathless just walking across the room {t}
"As a kidney patient, I have felt feverish since yesterday",YELLOW,en:I have felt feverish {t}
"আমার কিডনির কার্যক্ষমতা কমে গেছে, দুই দিন ধরে প্রস্রাব হচ্ছে না",RED,bn:{t}প্রস্রাব হচ্ছে না
"আসসালামু আলাইকুম, পরের সপ্তাহে অ্যাপয়েন্টমেন্ট পরিবর্তন করতে চাই",GREEN,bn:পরের সপ্তাহে অ্যাপয়েন্টমেন্ট পরিবর্তন করতে চাই
"As a kidney patient, my eyes are puffy in the mornings for a few days now",YELLOW,en:my eyes are puffy in the mornings {t}
একটা প্রশ্ন ছিল - ক্লিনিক কি শুক্রবার খোলা থাকে?,GREEN,bn:ক্লিনিক কি শুক্রবার খোলা থাকে?
I have CKD and my family said I was unresponsive since yesterday,RED,en:my family said I was unresponsive {t}
"আমি ডায়ালাইসিস নিচ্ছি, আজ সকাল থেকে শ্বাস নিতে খুব কষ্ট হচ্ছে",RED,bn:{t}শ্বাস নিতে খুব কষ্ট হচ্ছে
একটা প্রশ্ন ছিল - ওষুধ কি খাবারের আগে না পরে খাব?,GREEN,bn:ওষুধ কি খাবারের আগে না পরে খাব?
"আসসালামু আলাইকুম, দিনে কতটুকু পানি খাব?",GREEN,bn:দিনে কতটুকু পানি খাব?
কয়েকদিন ধরে শ্বাসকষ্ট হচ্ছে,RED,bn:{t}শ্বাসকষ্ট হচ্ছে
I'm on dialysis and I cannot empty my bladder since yesterday,RED,en:I cannot empty my bladder {t}
"আমার কিডনি রোগ আছে, আজ সকাল থেকে রক্ত বমি হচ্ছে",RED,bn:{t}রক্ত বমি হচ্ছে
I had a kidney transplant last year and I have gone off my food this morning,YELLOW,en:I have gone off my food {t}
"Good morning, can I take paracetamol for a mild headache?",GREEN,en:can I take paracetamol for a mild headache?
I had a kidney transplant last year and my face looks puffy this morning,YELLOW,en:my face looks puffy {t}
কাল রাত থেকে প্রস্রাব হচ্ছে না,RED,bn:{t}প্রস্রাব হচ্ছে না
"Please, is it fine to have yogurt on my diet?",GREEN,en:is it fine to have yogurt on my diet?
I'm on dialysis and I have a dull ache in my kidney area for a few days now,YELLOW,en:I have a dull ache in my kidney area {t}
"Since my kidney stone, there is red in the toilet after I pee over the past week",RED,en:there is red in the toilet after I pee {t}
My doctor said I have reduced kidney function and my urination has decreased for the last two days,YELLOW,en:my urination has decreased {t}
"দয়া করে জানাবেন, টমেটো খাওয়া যাবে কি?",GREEN,bn:টমেটো খাওয়া যাবে কি?
My back is hurting near my kidneys since yesterday,YELLOW,en:my back is hurting near my kidneys {t}
"Hello, is there parking available at the clinic?",GREEN,en:is there parking available at the clinic?
"Since my kidney stone, I have severe pain in my side with a high fever and shaking chills since this afternoon",RED,en:I have severe pain in my side with a high fever and shaking chills {t}
Thank you for the help during my last visit,GREEN,en:thank you for the help during my last visit
"As a kidney patient, my urine smells different than usual for the last two days",YELLOW,en:my urine smells different than usual {t}
একটা প্রশ্ন ছিল - আমার রিপোর্ট কি চলে এসেছে?,GREEN,bn:আমার রিপোর্ট কি চলে এসেছে?
"দয়া করে জানাবেন, ভাত কতটুকু খাওয়া যাবে?",GREEN,bn:ভাত কতটুকু খাওয়া যাবে?
"Please, how many cups of fluid can I have daily?",GREEN,en:how many cups of fluid can I have daily?
I'm on dialysis and I have severe abdominal pain that won't go away since last night,RED,en:I have severe abdominal pain that won't go away {t}
"Hi, can I eat tomatoes with my condition?",GREEN,en:can I eat tomatoes with my condition?
I had a kidney transplant last year and my urine has turned dark like cola and I feel terrible this morning,RED,en:my urine has turned dark like cola and I feel terrible {t}
I have stage 3 kidney disease and my blood pressure readings are higher than normal for the last two days,YELLOW,en:my blood pressure readings are higher than normal {t}
I have stage 3 kidney disease and my urine has turned dark like cola and I feel terrible this morning,RED,en:my urine has turned dark like cola and I feel terrible {t}
"Hi, can my family member pick up my medication?",GREEN,en:can my family member pick up my medication?
My doctor said I have reduced kidney function and I cannot empty my bladder over the past week,RED,en:I cannot empty my bladder {t}
প্রেসক্রিপশনের একটি কপি পাঠাতে পারবেন?,GREEN,bn:প্রেসক্রিপশনের একটি কপি পাঠাতে পারবেন?
গত ভিজিটে সাহায্যের জন্য ধন্যবাদ,GREEN,bn:গত ভিজিটে সাহায্যের জন্য ধন্যবাদ
"As a kidney patient, I think I had a seizure since this afternoon",RED,en:I think I had a seizure {t}
Quick question - can my family member pick up my medication?,GREEN,en:can my family member pick up my medication?
I have CKD and I have felt feverish since this afternoon,YELLOW,en:I have felt feverish {t}
My doctor said I have reduced kidney function and my legs and ankles have been swelling since yesterday,YELLOW,en:my legs and ankles have been swelling {t}
"Good morning, how much salt is safe for me per day?",GREEN,en:how much salt is safe for me per day?
Can I reschedule my lab test to the morning?,GREEN,en:can I reschedule my lab test to the morning?
I have CKD and I brought up blood since this afternoon,RED,en:I brought up blood {t}
"Please, is it safe for me to exercise at the gym?",GREEN,en:is it safe for me to exercise at the gym?
"I had a kidney transplant last year and I have a sudden severe headache, the worst one of my life this morning",RED,"en:I have a sudden severe headache, the worst one of my life {t}"
একটা প্রশ্ন ছিল - কলা খেতে পারব কি?,GREEN,bn:কলা খেতে পারব কি?
"আসসালামু আলাইকুম, আমার রিপোর্ট কি চলে এসেছে?",GREEN,bn:আমার রিপোর্ট কি চলে এসেছে?
I had a kidney transplant last year and I passed out for a few days now,RED,en:I passed out {t}
I have CKD and I have mild abdominal discomfort for a few days now,YELLOW,en:I have mild abdominal discomfort {t}
"Hello, is it normal to get an occasional mild headache?",GREEN,en:is it normal to get an occasional mild headache?
Quick question - I'd like to request a refill of my blood pressure medication,GREEN,en:I'd like to request a refill of my blood pressure medication
"আমি ডায়ালাইসিস নিচ্ছি, আজ সকাল থেকে হালকা জ্বর এসেছে",YELLOW,bn:{t}হালকা জ্বর এসেছে
I have CKD and I am passing dark red urine over the past week,RED,en:I am passing dark red urine {t}
I have CKD and my bladder feels full but nothing will come this morning,RED,en:my bladder feels full but nothing will come {t}
"As a kidney patient, blood is coming through my urine since this afternoon",RED,en:blood is coming through my urine {t}
I have stage 3 kidney disease and my legs and ankles have been swelling since this afternoon,YELLOW,en:my legs and ankles have been swelling {t}
I have CKD and my chest feels tight and heavy this morning,RED,en:my chest feels tight and heavy {t}
My doctor said I have reduced kidney function and my bladder feels full but nothing will come for a few days now,RED,en:my bladder feels full but nothing will come {t}
I have stage 3 kidney disease and there's blood when I pee for the last two days,RED,en:there's blood when I pee {t}
"আসসালামু আলাইকুম, বিল কি অনলাইনে দেওয়া যাবে?",GREEN,bn:বিল কি অনলাইনে দেওয়া যাবে?
"কিডনি রোগী হিসেবে বলছি, কয়েকদিন ধরে খিঁচুনি হয়েছে",RED,bn:{t}খিঁচুনি হয়েছে
I had a kidney transplant last year and I've been sleeping badly and feel restless since last night,YELLOW,en:I've been sleeping badly and feel restless {t}
কয়েকদিন ধরে খুব দুর্বল লাগছে,YELLOW,bn:{t}খুব দুর্বল লাগছে
"As a kidney patient, my urine has turned dark like cola and I feel terrible since last night",RED,en:my urine has turned dark like cola and I feel terrible {t}
"Since my kidney stone, I feel nauseous and have lost my appetite for the last two days",YELLOW,en:I feel nauseous and have lost my appetite {t}
"দয়া করে জানাবেন, বিল কি অনলাইনে দেওয়া যাবে?",GREEN,bn:বিল কি অনলাইনে দেওয়া যাবে?
My doctor said I have reduced kidney function and my family said I was unresponsive for the last two days,RED,en:my family said I was unresponsive {t}
"কিডনি রোগী হিসেবে বলছি, কয়েকদিন ধরে আগের চেয়ে কম প্রস্রাব হচ্ছে",YELLOW,bn:{t}আগের চেয়ে কম প্রস্রাব হচ্ছে
I have CKD and my side hurts near where my kidney is over the past week,YELLOW,en:my side hurts near where my kidney is {t}
"Please, what documents do I need for my next visit?",GREEN,en:what documents do I need for my next visit?
দুই দিন ধরে পা ফুলে যাচ্ছে,YELLOW,bn:{t}পা ফুলে যাচ্ছে
Quick question - can I eat bananas on my current diet?,GREEN,en:can I eat bananas on my current diet?
There is pressure across my chest for the last two days,RED,en:there is pressure across my chest {t}
"আমার কিডনি রোগ আছে, আজ সকাল থেকে হালকা মাথাব্যথা করছে",YELLOW,bn:{t}হালকা মাথাব্যথা করছে
I have CKD and there is froth in my urine since last night,YELLOW,en:there is froth in my urine {t}
I'm on dialysis and I've had a dull headache and feel a bit off over the past week,YELLOW,en:I've had a dull headache and feel a bit off {t}
I had a kidney transplant last year and I've gained a few kilos since yesterday and feel bloated,YELLOW,en:I've gained a few kilos {t} and feel bloated
I had a kidney transplant last year and I'm going to the bathroom less often for a few days now,YELLOW,en:I'm going to the bathroom less often {t}
I have CKD and I cannot get a full breath in for a few days now,RED,en:I cannot get a full breath in {t}
My whole body is swelling and I feel like I'm drowning when I lie down,RED,en:my whole body is swelling and I feel like I'm drowning when I lie down
I have CKD and blood is coming through my urine since last night,RED,en:blood is coming through my urine {t}
"কিডনি রোগী হিসেবে বলছি, কাল রাত থেকে অজ্ঞান হয়ে গিয়েছিলাম",RED,bn:{t}অজ্ঞান হয়ে গিয়েছিলাম
My doctor said I have reduced kidney function and my back is hurting near my kidneys this morning,YELLOW,en:my back is hurting near my kidneys {t}
I have CKD and I have no urine output this morning,RED,en:I have no urine output {t}
"As a kidney patient, I have no urine output since this afternoon",RED,en:I have no urine output {t}
"Please, thank you for the help during my last visit",GREEN,en:thank you for the help during my last visit
"কিডনি রোগী হিসেবে বলছি, কয়েকদিন ধরে খেতে ইচ্ছে করছে না",YELLOW,bn:{t}খেতে ইচ্ছে করছে না
"Good morning, what should my daily water intake be?",GREEN,en:what should my daily water intake be?
"As a kidney patient, I have a headache since yesterday",YELLOW,en:I have a headache {t}
I had a kidney transplant last year and my legs and ankles have been swelling since last night,YELLOW,en:my legs and ankles have been swelling {t}
Quick question - can you send me a copy of my prescription?,GREEN,en:can you send me a copy of my prescription?
I have a headache since this afternoon,YELLOW,en:I have a headache {t}
I have CKD and my urination has decreased this morning,YELLOW,en:my urination has decreased {t}
My doctor said I have reduced kidney function and there's blood when I pee over the past week,RED,en:there's blood when I pee {t}
I have a mild headache for the last two days,YELLOW,en:I have a mild headache {t}
"Since my kidney stone, nothing comes out when I try to pee for a few days now",RED,en:nothing comes out when I try to pee {t}
"Since my kidney stone, I've had trouble concentrating and feel foggy for a few days now",YELLOW,en:I've had trouble concentrating and feel foggy {t}
"As a kidney patient, my family said I was unresponsive over the past week",RED,en:my family said I was unresponsive {t}
I have CKD and my hands and feet feel swollen since yesterday,YELLOW,en:my hands and feet feel swollen {t}
My doctor said I have reduced kidney function and I am passing dark red urine since yesterday,RED,en:I am passing dark red urine {t}
"আমার কিডনির কার্যক্ষমতা কমে গেছে, গতকাল থেকে প্রস্রাবে রক্ত যাচ্ছে",RED,bn:{t}প্রস্রাবে রক্ত যাচ্ছে
I had a kidney transplant last year and my ankles puff up by the evening since yesterday,YELLOW,en:my ankles puff up by the evening {t}
"As a kidney patient, my bladder feels full but nothing will come since last night",RED,en:my bladder feels full but nothing will come {t}
Quick question - should I bring my previous reports to the appointment?,GREEN,en:should I bring my previous reports to the appointment?
I had a kidney transplant last year and my legs are hugely swollen and now it's hard to lie flat over the past week,RED,en:my legs are hugely swollen and now it's hard to lie flat {t}
"As a kidney patient, I'm extremely drowsy and can barely stay awake this morning",RED,en:I'm extremely drowsy and can barely stay awake {t}
"Good morning, is it safe for me to exercise at the gym?",GREEN,en:is it safe for me to exercise at the gym?
"আমার কিডনি রোগ আছে, কয়েকদিন ধরে পা ফুলে যাচ্ছে",YELLOW,bn:{t}পা ফুলে যাচ্ছে
"Hello, how do I update my address in your records?",GREEN,en:how do I update my address in your records?
"কিডনি রোগী হিসেবে বলছি, দুই দিন ধরে কিডনির জায়গায় হালকা ব্যথা",YELLOW,bn:{t}কিডনির জায়গায় হালকা ব্যথা
"Since my kidney stone, my back is hurting near my kidneys for the last two days",YELLOW,en:my back is hurting near my kidneys {t}
I'm on dialysis and I have severe pain in my side with a high fever and shaking chills since last night,RED,en:I have severe pain in my side with a high fever and shaking chills {t}
I have CKD and I'm going to the bathroom less often since last night,YELLOW,en:I'm going to the bathroom less often {t}
"আমার কিডনির কার্যক্ষমতা কমে গেছে, গতকাল থেকে খেতে ইচ্ছে করছে না",YELLOW,bn:{t}খেতে ইচ্ছে করছে না
I'm on dialysis and I have felt feverish for the last two days,YELLOW,en:I have felt feverish {t}
I had a kidney transplant last year and I've been feeling very tired and weak since this afternoon,YELLOW,en:I've been feeling very tired and weak {t}
"আমার কিডনির কার্যক্ষমতা কমে গেছে, দুই দিন ধরে রক্তচাপ স্বাভাবিকের চেয়ে বেশি",YELLOW,bn:{t}রক্তচাপ স্বাভাবিকের চেয়ে বেশি
একটা প্রশ্ন ছিল - বিল কি অনলাইনে দেওয়া যাবে?,GREEN,bn:বিল কি অনলাইনে দেওয়া যাবে?
I have stage 3 kidney disease and I have pain near my kidneys for the last two days,YELLOW,en:I have pain near my kidneys {t}
I cannot empty my bladder since last night,RED,en:I cannot empty my bladder {t}
I had a kidney transplant last year and my urine looks foamy since this afternoon,YELLOW,en:my urine looks foamy {t}
I had a kidney transplant last year and I've been really itchy all over for the last two days,YELLOW,en:I've been really itchy all over {t}
My doctor said I have reduced kidney function and I cannot get a full breath in since yesterday,RED,en:I cannot get a full breath in {t}
I have CKD and my heartbeat feels irregular and I'm very weak and dizzy this morning,RED,en:my heartbeat feels irregular and I'm very weak and dizzy {t}
I had a kidney transplant last year and I have the most severe headache I have ever felt for a few days now,RED,en:I have the most severe headache I have ever felt {t}
"আমার কিডনি রোগ আছে, আজ সকাল থেকে হালকা জ্বর এসেছে",YELLOW,bn:{t}হালকা জ্বর এসেছে
I'm on dialysis and my heartbeat feels irregular and I'm very weak and dizzy this morning,RED,en:my heartbeat feels irregular and I'm very weak and dizzy {t}
"Please, are my last lab results available yet?",GREEN,en:are my last lab results available yet?
"As a kidney patient, I have been sleeping badly since last night",YELLOW,en:I have been sleeping badly {t}
"Good morning, should I take my phosphate binder before or after meals?",GREEN,en:should I take my phosphate binder before or after meals?
"Since my kidney stone, I've noticed a strange odor in my urine since this afternoon",YELLOW,en:I've noticed a strange odor in my urine {t}
I have stage 3 kidney disease and I've had a headache on and off since last night,YELLOW,en:I've had a headache on and off {t}
I'm on dialysis and I am too weak to stand up for a few days now,RED,en:I am too weak to stand up {t}
There is pressure across my chest since yesterday,RED,en:there is pressure across my chest {t}
My doctor said I have reduced kidney function and my chest feels squeezed since yesterday,RED,en:my chest feels squeezed {t}
"Hi, how do I update my address in your records?",GREEN,en:how do I update my address in your records?
I'm on dialysis and my legs are hugely swollen and now it's hard to lie flat since this afternoon,RED,en:my legs are hugely swollen and now it's hard to lie flat {t}
ক্লিনিক কি শুক্রবার খোলা থাকে?,GREEN,bn:ক্লিনিক কি শুক্রবার খোলা থাকে?
I'm on dialysis and I feel nauseous and have lost my appetite for the last two days,YELLOW,en:I feel nauseous and have lost my appetite {t}
My doctor said I have reduced kidney function and my eyes are puffy in the mornings since last night,YELLOW,en:my eyes are puffy in the mornings {t}
"My doctor said I have reduced kidney function and I have a bit of a headache today, nothing too bad",YELLOW,"en:I have a bit of a headache today, nothing too bad"
I have stage 3 kidney disease and I've been vomiting blood for a few days now,RED,en:I've been vomiting blood {t}
I have CKD and I get breathless just walking across the room since yesterday,RED,en:I get breathless just walking across the room {t}
"Hi, is the pharmacy open after 6 pm?",GREEN,en:is the pharmacy open after 6 pm?
My family said I was unresponsive since yesterday,RED,en:my family said I was unresponsive {t}
My doctor said I have reduced kidney function and there is red in the toilet after I pee for a few days now,RED,en:there is red in the toilet after I pee {t}
Quick question - what time is my dialysis session tomorrow?,GREEN,en:what time is my dialysis session tomorrow?
I had a kidney transplant last year and my face is puffy in the mornings over the past week,YELLOW,en:my face is puffy in the mornings {t}
I'm on dialysis and I fainted since this afternoon,RED,en:I fainted {t}
I am too weak to stand up for the last two days,RED,en:I am too weak to stand up {t}
I'm on dialysis and I'm extremely drowsy and can barely stay awake since last night,RED,en:I'm extremely drowsy and can barely stay awake {t}
I have CKD and my urine looks foamy over the past week,YELLOW,en:my urine looks foamy {t}
"Quick question - I get a mild headache sometimes, is that anything to worry about?",GREEN,"en:I get a mild headache sometimes, is that anything to worry about?"
"কিডনি রোগী হিসেবে বলছি, আজ সকাল থেকে হালকা মাথাব্যথা করছে",YELLOW,bn:{t}হালকা মাথাব্যথা করছে
My doctor said I have reduced kidney function and my ankles leave a dent when I press them this morning,YELLOW,en:my ankles leave a dent when I press them {t}
Is it safe for me to exercise at the gym?,GREEN,en:is it safe for me to exercise at the gym?
Can I get my flu vaccination at the clinic?,GREEN,en:can I get my flu vaccination at the clinic?
"As a kidney patient, I have a nagging ache in my side since yesterday",YELLOW,en:I have a nagging ache in my side {t}
My stomach feels bloated after meals since last night,YELLOW,en:my stomach feels bloated after meals {t}
I've been vomiting blood for a few days now,RED,en:I've been vomiting blood {t}
"Hello, I need to reschedule my appointment next week",GREEN,en:I need to reschedule my appointment next week
"আমার কিডনির কার্যক্ষমতা কমে গেছে, কাল রাত থেকে প্রস্রাব একদম বন্ধ হয়ে গেছে",RED,bn:{t}প্রস্রাব একদম বন্ধ হয়ে গেছে
"Good morning, can I eat tomatoes with my condition?",GREEN,en:can I eat tomatoes with my condition?
"Hello, what time is my dialysis session tomorrow?",GREEN,en:what time is my dialysis session tomorrow?
"আমার কিডনির কার্যক্ষমতা কমে গেছে, কয়েকদিন ধরে আমি জ্ঞান হারিয়ে ফেলেছিলাম",RED,bn:{t}আমি জ্ঞান হারিয়ে ফেলেছিলাম
"Hi, is brown rice okay for my diet?",GREEN,en:is brown rice okay for my diet?
"Hello, can I book an appointment for next Monday?",GREEN,en:can I book an appointment for next Monday?
"আমি ডায়ালাইসিস নিচ্ছি, পেটে হালকা ব্যথা",YELLOW,bn:{t}পেটে হালকা ব্যথা
"Good morning, can I travel by plane next month?",GREEN,en:can I travel by plane next month?
My doctor said I have reduced kidney function and I've been throwing up nonstop and can't keep any water down this morning,RED,en:I've been throwing up nonstop and can't keep any water down {t}
I have stage 3 kidney disease and my urine has turned dark like cola and I feel terrible since last night,RED,en:my urine has turned dark like cola and I feel terrible {t}
"As a kidney patient, I've been vomiting blood over the past week",RED,en:I've been vomiting blood {t}
My doctor said I have reduced kidney function and I'm having chest pain for a few days now,RED,en:I'm having chest pain {t}
"As a kidney patient, I pass water less often than I used to since this afternoon",YELLOW,en:I pass water less often than I used to {t}
একটা প্রশ্ন ছিল - পরের ভিজিট কবে?,GREEN,bn:পরের ভিজিট কবে?
"Please, is brown rice okay for my diet?",GREEN,en:is brown rice okay for my diet?
My doctor said I have reduced kidney function and I brought up blood for a few days now,RED,en:I brought up blood {t}
"Hello, should I take my phosphate binder before or after meals?",GREEN,en:should I take my phosphate binder before or after meals?
"As a kidney patient, I've had muscle cramps since yesterday",YELLOW,en:I've had muscle cramps {t}
This is the worst headache I've ever had this morning,RED,en:this is the worst headache I've ever had {t}
I had a kidney transplant last year and I feel severely confused for a few days now,RED,en:I feel severely confused {t}
"কিডনি রোগী হিসেবে বলছি, দুই দিন ধরে রক্ত বমি হচ্ছে",RED,bn:{t}রক্ত বমি হচ্ছে
I have stage 3 kidney disease and I've had a dull headache and feel a bit off since yesterday,YELLOW,en:I've had a dull headache and feel a bit off {t}
There is red in the toilet after I pee this morning,RED,en:there is red in the toilet after I pee {t}
I cannot empty my bladder since this afternoon,RED,en:I cannot empty my bladder {t}
"আসসালামু আলাইকুম, রক্ত পরীক্ষার আগে কি খালি পেটে থাকতে হবে?",GREEN,bn:রক্ত পরীক্ষার আগে কি খালি পেটে থাকতে হবে?
"দয়া করে জানাবেন, পরের সপ্তাহে অ্যাপয়েন্টমেন্ট পরিবর্তন করতে চাই",GREEN,bn:পরের সপ্তাহে অ্যাপয়েন্টমেন্ট পরিবর্তন করতে চাই
"দয়া করে জানাবেন, ওষুধ কি খাবারের আগে না পরে খাব?",GREEN,bn:ওষুধ কি খাবারের আগে না পরে খাব?
"আমি ডায়ালাইসিস নিচ্ছি, দুই দিন ধরে রক্ত বমি হচ্ছে",RED,bn:{t}রক্ত বমি হচ্ছে
"As a kidney patient, I feel severely confused for a few days now",RED,en:I feel severely confused {t}
"আমার কিডনির কার্যক্ষমতা কমে গেছে, কাল রাত থেকে বমি বমি ভাব লাগছে",YELLOW,bn:{t}বমি বমি ভাব লাগছে
My doctor said I have reduced kidney function and there is red in the toilet after I pee since yesterday,RED,en:there is red in the toilet after I pee {t}
"আমি ডায়ালাইসিস নিচ্ছি, কয়েকদিন ধরে খুব দুর্বল লাগছে",YELLOW,bn:{t}খুব দুর্বল লাগছে
My doctor said I have reduced kidney function and I get cramp in my legs at night for a few days now,YELLOW,en:I get cramp in my legs at night {t}
"কিডনি রোগী হিসেবে বলছি, কাল রাত থেকে মুখে ধাতব স্বাদ লাগছে",YELLOW,bn:{t}মুখে ধাতব স্বাদ লাগছে
"আমি ডায়ালাইসিস নিচ্ছি, দুই দিন ধরে হঠাৎ তীব্র মাথাব্যথা শুরু হয়েছে",RED,bn:{t}হঠাৎ তীব্র মাথাব্যথা শুরু হয়েছে
"Hi, is it fine to have yogurt on my diet?",GREEN,en:is it fine to have yogurt on my diet?
"Please, what should my daily water intake be?",GREEN,en:what should my daily water intake be?
My doctor said I have reduced kidney function and I'm having chest pain for the last two days,RED,en:I'm having chest pain {t}
I have stage 3 kidney disease and I can't breathe properly over the past week,RED,en:I can't breathe properly {t}
"আমি ডায়ালাইসিস নিচ্ছি, গতকাল থেকে বুকে চাপ লাগছে",RED,bn:{t}বুকে চাপ লাগছে
"আসসালামু আলাইকুম, ওষুধ কি খাবারের আগে না পরে খাব?",GREEN,bn:ওষুধ কি খাবারের আগে না পরে খাব?
I'm on dialysis and I've gained a few kilos since last night and feel bloated,YELLOW,en:I've gained a few kilos {t} and feel bloated
I had a kidney transplant last year and I have the most severe headache I have ever felt this morning,RED,en:I have the most severe headache I have ever felt {t}
"As a kidney patient, my chest feels tight and heavy over the past week",RED,en:my chest feels tight and heavy {t}
"Since my kidney stone, I'm having chest pain over the past week",RED,en:I'm having chest pain {t}
"আমার কিডনির কার্যক্ষমতা কমে গেছে, গতকাল থেকে পা ও গোড়ালি ফুলে আছে",YELLOW,bn:{t}পা ও গোড়ালি ফুলে আছে
My doctor said I have reduced kidney function and I have heavy bleeding that won't stop for the last two days,RED,en:I have heavy bleeding that won't stop {t}
I get cramp in my legs at night since last night,YELLOW,en:I get cramp in my legs at night {t}
"আমার কিডনি রোগ আছে, সারা শরীর চুলকাচ্ছে",YELLOW,bn:{t}সারা শরীর চুলকাচ্ছে
I noticed blood in my urine for the last two days,RED,en:I noticed blood in my urine {t}
"Good morning, I need to reschedule my appointment next week",GREEN,en:I need to reschedule my appointment next week
I need to reschedule my appointment next week,GREEN,en:I need to reschedule my appointment next week
"আমি ডায়ালাইসিস নিচ্ছি, কাল রাত থেকে হালকা মাথাব্যথা করছে",YELLOW,bn:{t}হালকা মাথাব্যথা করছে
"আমার কিডনি রোগ আছে, কয়েকদিন ধরে শ্বাসকষ্ট হচ্ছে",RED,bn:{t}শ্বাসকষ্ট হচ্ছে
I have stage 3 kidney disease and my urine output seems lower than normal this morning,YELLOW,en:my urine output seems lower than normal {t}
"Since my kidney stone, I am too weak to stand up for a few days now",RED,en:I am too weak to stand up {t}
Can I pay my bill online?,GREEN,en:can I pay my bill online?
"As a kidney patient, I cannot get a full breath in since yesterday",RED,en:I cannot get a full breath in {t}
My doctor said I have reduced kidney function and I have had no energy at all since this afternoon,YELLOW,en:I have had no energy at all {t}
"আমার কিডনি রোগ আছে, কাল রাত থেকে খিঁচুনি হয়েছে",RED,bn:{t}খিঁচুনি হয়েছে
"Good morning, is brown rice okay for my diet?",GREEN,en:is brown rice okay for my diet?
I have no urine output for a few days now,RED,en:I have no urine output {t}
Quick question - is there parking available at the clinic?,GREEN,en:is there parking available at the clinic?
"Since my kidney stone, my back is hurting near my kidneys this morning",YELLOW,en:my back is hurting near my kidneys {t}
"Hello, what should my daily water intake be?",GREEN,en:what should my daily water intake be?
"Hi, what documents do I need for my next visit?",GREEN,en:what documents do I need for my next visit?
I'm on dialysis and I have felt feverish since yesterday,YELLOW,en:I have felt feverish {t}
I'm on dialysis and my hands and feet feel swollen since this afternoon,YELLOW,en:my hands and feet feel swollen {t}
"I have a sudden severe headache, the worst one of my life for the last two days",RED,"en:I have a sudden severe headache, the worst one of my life {t}"
"Quick question - I have a mild stomach ache after eating spicy food, is that normal?",GREEN,"en:I have a mild stomach ache after eating spicy food, is that normal?"
"As a kidney patient, my stomach feels bloated after meals for a few days now",YELLOW,en:my stomach feels bloated after meals {t}
I have severe pain in my side with a high fever and shaking chills since this afternoon,RED,en:I have severe pain in my side with a high fever and shaking chills {t}
"As a kidney patient, my ankles leave a dent when I press them for the last two days",YELLOW,en:my ankles leave a dent when I press them {t}
I had a kidney transplant last year and I've been really itchy all over since last night,YELLOW,en:I've been really itchy all over {t}
"Hi, can I get my flu vaccination at the clinic?",GREEN,en:can I get my flu vaccination at the clinic?
My doctor said I have reduced kidney function and my heartbeat feels irregular and I'm very weak and dizzy for the last two days,RED,en:my heartbeat feels irregular and I'm very weak and dizzy {t}
I had a kidney transplant last year and my face looks puffy for the last two days,YELLOW,en:my face looks puffy {t}
My urine is the colour of blood since this afternoon,RED,en:my urine is the colour of blood {t}
I'm on dialysis and this is the worst headache I've ever had since this afternoon,RED,en:this is the worst headache I've ever had {t}
"As a kidney patient, I've been feeling very tired and weak since last night",YELLOW,en:I've been feeling very tired and weak {t}
My doctor said I have reduced kidney function and my blood pressure has been higher than usual over the past week,YELLOW,en:my blood pressure has been higher than usual {t}
My doctor said I have reduced kidney function and I've been urinating less than usual this morning,YELLOW,en:I've been urinating less than usual {t}
"As a kidney patient, I have a mild headache since this afternoon",YELLOW,en:I have a mild headache {t}
I'm on dialysis and I have severe pain in my side with a high fever and shaking chills since this afternoon,RED,en:I have severe pain in my side with a high fever and shaking chills {t}
"আমার কিডনি রোগ আছে, আজ সকাল থেকে কোমরে ব্যথা করছে",YELLOW,bn:{t}কোমরে ব্যথা করছে
I have stage 3 kidney disease and I have pain near my kidneys since last night,YELLOW,en:I have pain near my kidneys {t}
"Since my kidney stone, I've been really itchy all over over the past week",YELLOW,en:I've been really itchy all over {t}
"Hi, is it safe for me to exercise at the gym?",GREEN,en:is it safe for me to exercise at the gym?
"কিডনি রোগী হিসেবে বলছি, কয়েকদিন ধরে প্রস্রাব একদম বন্ধ হয়ে গেছে",RED,bn:{t}প্রস্রাব একদম বন্ধ হয়ে গেছে
"As a kidney patient, I haven't passed any urine for the last two days",RED,en:I haven't passed any urine {t}
I am so swollen that I cannot sleep lying down since last night,RED,en:I am so swollen that I cannot sleep lying down {t}
"আমার কিডনির কার্যক্ষমতা কমে গেছে, দুই দিন ধরে প্রস্রাব কম হচ্ছে",YELLOW,bn:{t}প্রস্রাব কম হচ্ছে
I had a kidney transplant last year and I've been peeing blood over the past week,RED,en:I've been peeing blood {t}
"আমি ডায়ালাইসিস নিচ্ছি, গতকাল থেকে শ্বাস নিতে খুব কষ্ট হচ্ছে",RED,bn:{t}শ্বাস নিতে খুব কষ্ট হচ্ছে
I have stage 3 kidney disease and this is the worst headache I've ever had this morning,RED,en:this is the worst headache I've ever had {t}
"Hi, is there parking available at the clinic?",GREEN,en:is there parking available at the clinic?
"আমার কিডনির কার্যক্ষমতা কমে গেছে, কাল রাত থেকে প্রস্রাব করতে পারছি না",RED,bn:{t}প্রস্রাব করতে পারছি না
"As a kidney patient, I have gone off my food since yesterday",YELLOW,en:I have gone off my food {t}
I have stage 3 kidney disease and I have a mild fever for the last two days,YELLOW,en:I have a mild fever {t}
একটা প্রশ্ন ছিল - রক্ত পরীক্ষার আগে কি খালি পেটে থাকতে হবে?,GREEN,bn:রক্ত পরীক্ষার আগে কি খালি পেটে থাকতে হবে?
গতকাল থেকে পা ফুলে যাচ্ছে,YELLOW,bn:{t}পা ফুলে যাচ্ছে
"দয়া করে জানাবেন, ওষুধ খাওয়ার নিয়ম কী?",GREEN,bn:ওষুধ খাওয়ার নিয়ম কী?
I had a kidney transplant last year and I've been throwing up nonstop and can't keep any water down this morning,RED,en:I've been throwing up nonstop and can't keep any water down {t}
I'm on dialysis and I am so swollen that I cannot sleep lying down over the past week,RED,en:I am so swollen that I cannot sleep lying down {t}
I have stage 3 kidney disease and I have felt feverish since last night,YELLOW,en:I have felt feverish {t}
I have stage 3 kidney disease and there is pressure across my chest for a few days now,RED,en:there is pressure across my chest {t}
My ankles puff up by the evening since yesterday,YELLOW,en:my ankles puff up by the evening {t}
"Since my kidney stone, my legs are hugely swollen and now it's hard to lie flat for a few days now",RED,en:my legs are hugely swollen and now it's hard to lie flat {t}
"Since my kidney stone, I have a dull ache in my kidney area for a few days now",YELLOW,en:I have a dull ache in my kidney area {t}
I had a kidney transplant last year and I collapsed since this afternoon,RED,en:I collapsed {t}
I'm on dialysis and my abdominal pain is severe and I also have a high fever over the past week,RED,en:my abdominal pain is severe and I also have a high fever {t}
"কিডনি রোগী হিসেবে বলছি, আজ সকাল থেকে শ্বাস নিতে খুব কষ্ট হচ্ছে",RED,bn:{t}শ্বাস নিতে খুব কষ্ট হচ্ছে
I had a kidney transplant last year and I get breathless just walking across the room for the last two days,RED,en:I get breathless just walking across the room {t}
"আমি ডায়ালাইসিস নিচ্ছি, কাল রাত থেকে কিডনির জায়গায় হালকা ব্যথা",YELLOW,bn:{t}কিডনির জায়গায় হালকা ব্যথা
"আসসালামু আলাইকুম, কলা খেতে পারব কি?",GREEN,bn:কলা খেতে পারব কি?
I have stage 3 kidney disease and blood is coming through my urine over the past week,RED,en:blood is coming through my urine {t}
"কিডনি রোগী হিসেবে বলছি, দুই দিন ধরে খুব ক্লান্ত লাগছে",YELLOW,bn:{t}খুব ক্লান্ত লাগছে
I have stage 3 kidney disease and my side hurts near where my kidney is since last night,YELLOW,en:my side hurts near where my kidney is {t}
I'm on dialysis and my face looks puffy for a few days now,YELLOW,en:my face looks puffy {t}
I have CKD and my bladder feels full but nothing will come since last night,RED,en:my bladder feels full but nothing will come {t}
Quick question - can I switch to an evening dialysis slot?,GREEN,en:can I switch to an evening dialysis slot?
"আমার কিডনির কার্যক্ষমতা কমে গেছে, দুই দিন ধরে মুখ ফুলে গেছে",YELLOW,bn:{t}মুখ ফুলে গেছে
I have stage 3 kidney disease and I noticed blood in my urine since last night,RED,en:I noticed blood in my urine {t}
I have CKD and I have not been able to pee for the last two days,RED,en:I have not been able to pee {t}
Quick question - what should my daily water intake be?,GREEN,en:what should my daily water intake be?
My doctor said I have reduced kidney function and I've had muscle cramps for the last two days,YELLOW,en:I've had muscle cramps {t}
I'm on dialysis and I'm having chest pain over the past week,RED,en:I'm having chest pain {t}
"কিডনি রোগী হিসেবে বলছি, কয়েকদিন ধরে প্রস্রাবে ফেনা হচ্ছে",YELLOW,bn:{t}প্রস্রাবে ফেনা হচ্ছে
I have stage 3 kidney disease and I am too weak to stand up this morning,RED,en:I am too weak to stand up {t}
My urine is the colour of blood since last night,RED,en:my urine is the colour of blood {t}
"As a kidney patient, I've been feeling very tired and weak over the past week",YELLOW,en:I've been feeling very tired and weak {t}
I cannot empty my bladder over the past week,RED,en:I cannot empty my bladder {t}
"As a kidney patient, I noticed blood in my urine since last night",RED,en:I noticed blood in my urine {t}
My doctor said I have reduced kidney function and this is the worst headache I've ever had for the last two days,RED,en:this is the worst headache I've ever had {t}
My doctor said I have reduced kidney function and my bladder feels full but nothing will come for the last two days,RED,en:my bladder feels full but nothing will come {t}
"As a kidney patient, I feel dizzy when I stand up for the last two days",YELLOW,en:I feel dizzy when I stand up {t}
"As a kidney patient, my urine is the colour of blood this morning",RED,en:my urine is the colour of blood {t}
My doctor said I have reduced kidney function and I have the most severe headache I have ever felt for the last two days,RED,en:I have the most severe headache I have ever felt {t}
"আমার কিডনি রোগ আছে, পেটে হালকা ব্যথা",YELLOW,bn:{t}পেটে হালকা ব্যথা
"Since my kidney stone, I've had a dull headache and feel a bit off this morning",YELLOW,en:I've had a dull headache and feel a bit off {t}
I have CKD and I have not been able to pee over the past week,RED,en:I have not been able to pee {t}
Quick question - can I take paracetamol for a mild headache?,GREEN,en:can I take paracetamol for a mild headache?
I have CKD and I cannot get a full breath in for the last two days,RED,en:I cannot get a full breath in {t}
My doctor said I have reduced kidney function and I've had a dull headache and feel a bit off for the last two days,YELLOW,en:I've had a dull headache and feel a bit off {t}
I'm on dialysis and my legs are hugely swollen and now it's hard to lie flat for a few days now,RED,en:my legs are hugely swollen and now it's hard to lie flat {t}
I'm on dialysis and I haven't passed any urine since this afternoon,RED,en:I haven't passed any urine {t}
I had a kidney transplant last year and I've gained a few kilos this morning and feel bloated,YELLOW,en:I've gained a few kilos {t} and feel bloated
"Hello, is a bit of an upset stomach after meals normal for my condition?",GREEN,en:is a bit of an upset stomach after meals normal for my condition?
I had a kidney transplant last year and I've been urinating less than usual since this afternoon,YELLOW,en:I've been urinating less than usual {t}
"Since my kidney stone, my bladder feels full but nothing will come for a few days now",RED,en:my bladder feels full but nothing will come {t}
"Hi, can I book an appointment for next Monday?",GREEN,en:can I book an appointment for next Monday?
"কিডনি রোগী হিসেবে বলছি, আজ সকাল থেকে প্রস্রাব করতে পারছি না",RED,bn:{t}প্রস্রাব করতে পারছি না
"Please, I have a mild stomach ache after eating spicy food, is that normal?",GREEN,"en:I have a mild stomach ache after eating spicy food, is that normal?"
"Hi, is there wheelchair access at the entrance?",GREEN,en:is there wheelchair access at the entrance?
I have had no energy at all since yesterday,YELLOW,en:I have had no energy at all {t}
I have CKD and my eyes are puffy in the mornings for a few days now,YELLOW,en:my eyes are puffy in the mornings {t}
"আমার কিডনির কার্যক্ষমতা কমে গেছে, গতকাল থেকে হালকা জ্বর এসেছে",YELLOW,bn:{t}হালকা জ্বর এসেছে
Quick question - how long does a routine checkup usually take?,GREEN,en:how long does a routine checkup usually take?
I have CKD and my urine has turned dark like cola and I feel terrible for the last two days,RED,en:my urine has turned dark like cola and I feel terrible {t}
"As a kidney patient, I am so swollen that I cannot sleep lying down since this afternoon",RED,en:I am so swollen that I cannot sleep lying down {t}
Quick question - can I eat tomatoes with my condition?,GREEN,en:can I eat tomatoes with my condition?
I have CKD and my skin itches badly since this afternoon,YELLOW,en:my skin itches badly {t}
"Since my kidney stone, I have gone off my food this morning",YELLOW,en:I have gone off my food {t}
"Since my kidney stone, I think I had a seizure for a few days now",RED,en:I think I had a seizure {t}
I have CKD and my urine has an unusual smell for a few days now,YELLOW,en:my urine has an unusual smell {t}
I had a kidney transplant last year and my eyes are puffy in the mornings since yesterday,YELLOW,en:my eyes are puffy in the mornings {t}
I had a kidney transplant last year and I have heavy bleeding that won't stop since yesterday,RED,en:I have heavy bleeding that won't stop {t}
I have CKD and my face looks puffy since yesterday,YELLOW,en:my face looks puffy {t}
I'm on dialysis and I have the most severe headache I have ever felt for the last two days,RED,en:I have the most severe headache I have ever felt {t}
"As a kidney patient, I brought up blood this morning",RED,en:I brought up blood {t}
"Since my kidney stone, I have a mild headache since last night",YELLOW,en:I have a mild headache {t}
Quick question - how do I update my address in your records?,GREEN,en:how do I update my address in your records?
"As a kidney patient, I can't breathe properly since yesterday",RED,en:I can't breathe properly {t}
"Hello, how much salt is safe for me per day?",GREEN,en:how much salt is safe for me per day?
I'm on dialysis and I go lightheaded when I stand up for a few days now,YELLOW,en:I go lightheaded when I stand up {t}
"As a kidney patient, I have flank pain this morning",YELLOW,en:I have flank pain {t}
"কিডনি রোগী হিসেবে বলছি, গতকাল থেকে বুকে চাপ লাগছে",RED,bn:{t}বুকে চাপ লাগছে
My doctor said I have reduced kidney function and my back is hurting near my kidneys over the past week,YELLOW,en:my back is hurting near my kidneys {t}
I have stage 3 kidney disease and I am badly out of breath for a few days now,RED,en:I am badly out of breath {t}
I'm on dialysis and I have a nagging ache in my side over the past week,YELLOW,en:I have a nagging ache in my side {t}
I had a kidney transplant last year and there's blood when I pee since yesterday,RED,en:there's blood when I pee {t}
I had a kidney transplant last year and I have had no energy at all since yesterday,YELLOW,en:I have had no energy at all {t}
I had a kidney transplant last year and I have a nagging ache in my side since last night,YELLOW,en:I have a nagging ache in my side {t}
"Please, is it okay to have oranges with my potassium levels?",GREEN,en:is it okay to have oranges with my potassium levels?
"Good morning, what time is my dialysis session tomorrow?",GREEN,en:what time is my dialysis session tomorrow?
I'm on dialysis and I passed out this morning,RED,en:I passed out {t}
"Hi, I need to reschedule my appointment next week",GREEN,en:I need to reschedule my appointment next week
I had a kidney transplant last year and I am too weak to stand up since last night,RED,en:I am too weak to stand up {t}
I'm on dialysis and my legs and ankles have been swelling over the past week,YELLOW,en:my legs and ankles have been swelling {t}
I'm on dialysis and I feel severely confused for a few days now,RED,en:I feel severely confused {t}
"Good morning, when is my next follow-up scheduled?",GREEN,en:when is my next follow-up scheduled?
"As a kidney patient, there's a metallic taste in my mouth over the past week",YELLOW,en:there's a metallic taste in my mouth {t}
I had a kidney transplant last year and I have a dull ache in my kidney area for the last two days,YELLOW,en:I have a dull ache in my kidney area {t}
My doctor said I have reduced kidney function and I haven't passed any urine this morning,RED,en:I haven't passed any urine {t}
"আমার কিডনির কার্যক্ষমতা কমে গেছে, দুই দিন ধরে শ্বাসকষ্ট হচ্ছে",RED,bn:{t}শ্বাসকষ্ট হচ্ছে
"Good morning, what documents do I need for my next visit?",GREEN,en:what documents do I need for my next visit?
My urine smells different than usual this morning,YELLOW,en:my urine smells different than usual {t}
I'm on dialysis and I am too weak to stand up since yesterday,RED,en:I am too weak to stand up {t}
"As a kidney patient, I am too weak to stand up for a few days now",RED,en:I am too weak to stand up {t}
"কিডনি রোগী হিসেবে বলছি, আজ সকাল থেকে খুব দুর্বল লাগছে",YELLOW,bn:{t}খুব দুর্বল লাগছে
My eyes are puffy in the mornings over the past week,YELLOW,en:my eyes are puffy in the mornings {t}
I have stage 3 kidney disease and I have gone off my food for the last two days,YELLOW,en:I have gone off my food {t}
I'm on dialysis and I fainted this morning,RED,en:I fainted {t}
"As a kidney patient, I have a nagging ache in my side for the last two days",YELLOW,en:I have a nagging ache in my side {t}
I have stage 3 kidney disease and I have the most severe headache I have ever felt over the past week,RED,en:I have the most severe headache I have ever felt {t}
"As a kidney patient, I've had a headache on and off since this afternoon",YELLOW,en:I've had a headache on and off {t}
I have stage 3 kidney disease and my urine is the colour of blood over the past week,RED,en:my urine is the colour of blood {t}
I have stage 3 kidney disease and I feel severely confused over the past week,RED,en:I feel severely confused {t}
"Please, does the clinic open on weekends?",GREEN,en:does the clinic open on weekends?
পরের সপ্তাহে অ্যাপয়েন্টমেন্ট পরিবর্তন করতে চাই,GREEN,bn:পরের সপ্তাহে অ্যাপয়েন্টমেন্ট পরিবর্তন করতে চাই
"As a kidney patient, my bladder feels full but nothing will come since yesterday",RED,en:my bladder feels full but nothing will come {t}
"Please, should I take my phosphate binder before or after meals?",GREEN,en:should I take my phosphate binder before or after meals?
"কিডনি রোগী হিসেবে বলছি, আজ সকাল থেকে বুকে ব্যথা করছে",RED,bn:{t}বুকে ব্যথা করছে
My doctor said I have reduced kidney function and I'm extremely drowsy and can barely stay awake since last night,RED,en:I'm extremely drowsy and can barely stay awake {t}
I have CKD and I have a nagging ache in my side for a few days now,YELLOW,en:I have a nagging ache in my side {t}
"Hi, how much salt is safe for me per day?",GREEN,en:how much salt is safe for me per day?
"As a kidney patient, I have a mild fever since this afternoon",YELLOW,en:I have a mild fever {t}
I have stage 3 kidney disease and I have pain near my kidneys since this afternoon,YELLOW,en:I have pain near my kidneys {t}
I have CKD and I'm extremely drowsy and can barely stay awake over the past week,RED,en:I'm extremely drowsy and can barely stay awake {t}
"As a kidney patient, my urine smells different than usual over the past week",YELLOW,en:my urine smells different than usual {t}
"Since my kidney stone, I collapsed over the past week",RED,en:I collapsed {t}
"আসসালামু আলাইকুম, আমি কি বিমানে ভ্রমণ করতে পারব?",GREEN,bn:আমি কি বিমানে ভ্রমণ করতে পারব?
I get breathless just walking across the room for the last two days,RED,en:I get breathless just walking across the room {t}
My skin itches badly since last night,YELLOW,en:my skin itches badly {t}
"দয়া করে জানাবেন, ক্লিনিক কি শুক্রবার খোলা থাকে?",GREEN,bn:ক্লিনিক কি শুক্রবার খোলা থাকে?
I'm on dialysis and my stomach has been hurting a little since last night,YELLOW,en:my stomach has been hurting a little {t}
I had a kidney transplant last year and I'm not urinating as much as I used to for the last two days,YELLOW,en:I'm not urinating as much as I used to {t}
My doctor said I have reduced kidney function and I passed out this morning,RED,en:I passed out {t}
"Hi, is it okay to have oranges with my potassium levels?",GREEN,en:is it okay to have oranges with my potassium levels?
I have stage 3 kidney disease and my legs are hugely swollen and now it's hard to lie flat since last night,RED,en:my legs are hugely swollen and now it's hard to lie flat {t}
I have CKD and I'm having chest pain for the last two days,RED,en:I'm having chest pain {t}
I have stage 3 kidney disease and I have a mild headache this morning,YELLOW,en:I have a mild headache {t}
"Hi, should I take my phosphate binder before or after meals?",GREEN,en:should I take my phosphate binder before or after meals?
"আমার কিডনির কার্যক্ষমতা কমে গেছে, আজ সকাল থেকে প্রস্রাব কম হচ্ছে",YELLOW,bn:{t}প্রস্রাব কম হচ্ছে
I'm on dialysis and I have heavy bleeding that won't stop since yesterday,RED,en:I have heavy bleeding that won't stop {t}
I have stage 3 kidney disease and my abdominal pain is severe and I also have a high fever for the last two days,RED,en:my abdominal pain is severe and I also have a high fever {t}
"Please, I get a mild headache sometimes, is that anything to worry about?",GREEN,"en:I get a mild headache sometimes, is that anything to worry about?"
I cannot empty my bladder for a few days now,RED,en:I cannot empty my bladder {t}
I have CKD and my urine output seems lower than normal for a few days now,YELLOW,en:my urine output seems lower than normal {t}
I'm on dialysis and I have the most severe headache I have ever felt this morning,RED,en:I have the most severe headache I have ever felt {t}
দিনে কতটুকু পানি খাব?,GREEN,bn:দিনে কতটুকু পানি খাব?
My doctor said I have reduced kidney function and I pass water less often than I used to since yesterday,YELLOW,en:I pass water less often than I used to {t}
"As a kidney patient, I've been feeling very tired and weak this morning",YELLOW,en:I've been feeling very tired and weak {t}
I'm on dialysis and my legs and ankles have been swelling for the last two days,YELLOW,en:my legs and ankles have been swelling {t}
I'm on dialysis and I've been sleeping badly and feel restless since last night,YELLOW,en:I've been sleeping badly and feel restless {t}
I have flank pain since this afternoon,YELLOW,en:I have flank pain {t}
"Since my kidney stone, I can't breathe properly for a few days now",RED,en:I can't breathe properly {t}
"Hello, can I drink coffee on my dialysis days?",GREEN,en:can I drink coffee on my dialysis days?
"As a kidney patient, I'm peeing much less than before this morning",YELLOW,en:I'm peeing much less than before {t}
I am too weak to stand up since yesterday,RED,en:I am too weak to stand up {t}
"As a kidney patient, I have a sudden severe headache, the worst one of my life over the past week",RED,"en:I have a sudden severe headache, the worst one of my life {t}"
"As a kidney patient, food does not taste right since yesterday",YELLOW,en:food does not taste right {t}
I'm on dialysis and I collapsed since last night,RED,en:I collapsed {t}
Quick question - should I take my phosphate binder before or after meals?,GREEN,en:should I take my phosphate binder before or after meals?
Quick question - how do I sign up for the patient portal?,GREEN,en:how do I sign up for the patient portal?
How do I update my address in your records?,GREEN,en:how do I update my address in your records?
"As a kidney patient, my urine smells different than usual since last night",YELLOW,en:my urine smells different than usual {t}
I have CKD and I've had a headache on and off since yesterday,YELLOW,en:I've had a headache on and off {t}
My doctor said I have reduced kidney function and I feel nauseous and have lost my appetite for a few days now,YELLOW,en:I feel nauseous and have lost my appetite {t}
My heartbeat feels irregular and I'm very weak and dizzy since yesterday,RED,en:my heartbeat feels irregular and I'm very weak and dizzy {t}
"Good morning, can I get a medical certificate for work?",GREEN,en:can I get a medical certificate for work?
I have CKD and I have a nagging ache in my side since this afternoon,YELLOW,en:I have a nagging ache in my side {t}
"কিডনি রোগী হিসেবে বলছি, কাল রাত থেকে প্রস্রাবের সাথে রক্ত যাচ্ছে",RED,bn:{t}প্রস্রাবের সাথে রক্ত যাচ্ছে
"Since my kidney stone, my urine is the colour of blood for the last two days",RED,en:my urine is the colour of blood {t}
I had a kidney transplant last year and I'm extremely drowsy and can barely stay awake for the last two days,RED,en:I'm extremely drowsy and can barely stay awake {t}
"Good morning, can I switch to an evening dialysis slot?",GREEN,en:can I switch to an evening dialysis slot?
বিল কি অনলাইনে দেওয়া যাবে?,GREEN,bn:বিল কি অনলাইনে দেওয়া যাবে?
I have CKD and I have some abdominal pain since this afternoon,YELLOW,en:I have some abdominal pain {t}
"Good morning, how do I sign up for the patient portal?",GREEN,en:how do I sign up for the patient portal?
"Since my kidney stone, I have heavy bleeding that won't stop since yesterday",RED,en:I have heavy bleeding that won't stop {t}
I have stage 3 kidney disease and I can't breathe properly since this afternoon,RED,en:I can't breathe properly {t}
I have had no energy at all this morning,YELLOW,en:I have had no energy at all {t}
"Since my kidney stone, there is red in the toilet after I pee this morning",RED,en:there is red in the toilet after I pee {t}
I have CKD and I go lightheaded when I stand up for the last two days,YELLOW,en:I go lightheaded when I stand up {t}
"Since my kidney stone, I've been really itchy all over for a few days now",YELLOW,en:I've been really itchy all over {t}
"Hi, can I switch to an evening dialysis slot?",GREEN,en:can I switch to an evening dialysis slot?
Quick question - is it okay to have oranges with my potassium levels?,GREEN,en:is it okay to have oranges with my potassium levels?
I had a kidney transplant last year and I brought up blood this morning,RED,en:I brought up blood {t}
"Hi, can I get a medical certificate for work?",GREEN,en:can I get a medical certificate for work?
"আসসালামু আলাইকুম, পরের ভিজিট কবে?",GREEN,bn:পরের ভিজিট কবে?
"Since my kidney stone, I have gone off my food over the past week",YELLOW,en:I have gone off my food {t}
"কিডনি রোগী হিসেবে বলছি, গতকাল থেকে প্রস্রাবে রক্ত যাচ্ছে",RED,bn:{t}প্রস্রাবে রক্ত যাচ্ছে
"Hello, can I pay my bill online?",GREEN,en:can I pay my bill online?
I'm on dialysis and my urine is the colour of blood this morning,RED,en:my urine is the colour of blood {t}
I had a kidney transplant last year and I brought up blood for a few days now,RED,en:I brought up blood {t}
I have stage 3 kidney disease and my urine has an unusual smell this morning,YELLOW,en:my urine has an unusual smell {t}
"Please, I need to reschedule my appointment next week",GREEN,en:I need to reschedule my appointment next week
I have CKD and I can't breathe properly since last night,RED,en:I can't breathe properly {t}
My back is hurting near my kidneys for a few days now,YELLOW,en:my back is hurting near my kidneys {t}
Can I switch to an evening dialysis slot?,GREEN,en:can I switch to an evening dialysis slot?
কাল রাত থেকে মুখে ধাতব স্বাদ লাগছে,YELLOW,bn:{t}মুখে ধাতব স্বাদ লাগছে
"Hi, how many cups of fluid can I have daily?",GREEN,en:how many cups of fluid can I have daily?
"কিডনি রোগী হিসেবে বলছি, মুখ ফুলে গেছে",YELLOW,bn:{t}মুখ ফুলে গেছে
"কিডনি রোগী হিসেবে বলছি, কয়েকদিন ধরে পায়ে খিল ধরছে",YELLOW,bn:{t}পায়ে খিল ধরছে
I had a kidney transplant last year and I have heavy bleeding that won't stop this morning,RED,en:I have heavy bleeding that won't stop {t}
My hands and feet feel swollen since yesterday,YELLOW,en:my hands and feet feel swollen {t}
I have stage 3 kidney disease and there's a metallic taste in my mouth since last night,YELLOW,en:there's a metallic taste in my mouth {t}
I'm on dialysis and my side hurts near where my kidney is this morning,YELLOW,en:my side hurts near where my kidney is {t}
My doctor said I have reduced kidney function and my blood pressure reads dangerously high with a pounding headache and blurry vision,RED,en:my blood pressure reads dangerously high with a pounding headache and blurry vision
"Hi, how do I sign up for the patient portal?",GREEN,en:how do I sign up for the patient portal?
I had a kidney transplant last year and I have a dull ache in my kidney area for a few days now,YELLOW,en:I have a dull ache in my kidney area {t}
"Please, is there parking available at the clinic?",GREEN,en:is there parking available at the clinic?
"আসসালামু আলাইকুম, ক্লিনিক কি শুক্রবার খোলা থাকে?",GREEN,bn:ক্লিনিক কি শুক্রবার খোলা থাকে?
I have CKD and I haven't passed any urine since last night,RED,en:I haven't passed any urine {t}
"As a kidney patient, I feel dizzy when I stand up since last night",YELLOW,en:I feel dizzy when I stand up {t}
My doctor said I have reduced kidney function and I am badly out of breath for the last two days,RED,en:I am badly out of breath {t}
"As a kidney patient, my abdominal pain is severe and I also have a high fever over the past week",RED,en:my abdominal pain is severe and I also have a high fever {t}
একটা প্রশ্ন ছিল - দিনে কতটুকু পানি খাব?,GREEN,bn:দিনে কতটুকু পানি খাব?
This is the worst headache I've ever had since yesterday,RED,en:this is the worst headache I've ever had {t}
"Hi, I have a mild stomach ache after eating spicy food, is that normal?",GREEN,"en:I have a mild stomach ache after eating spicy food, is that normal?"
"Hi, are my last lab results available yet?",GREEN,en:are my last lab results available yet?
I have CKD and I have a mild headache for the last two days,YELLOW,en:I have a mild headache {t}
I'm on dialysis and my whole body is swelling and I feel like I'm drowning when I lie down,RED,en:my whole body is swelling and I feel like I'm drowning when I lie down
"আমার কিডনি রোগ আছে, দুই দিন ধরে খুব দুর্বল লাগছে",YELLOW,bn:{t}খুব দুর্বল লাগছে
My heartbeat feels irregular and I'm very weak and dizzy for a few days now,RED,en:my heartbeat feels irregular and I'm very weak and dizzy {t}
I'm on dialysis and I've had a headache on and off for a few days now,YELLOW,en:I've had a headache on and off {t}
I feel dizzy when I stand up since yesterday,YELLOW,en:I feel dizzy when I stand up {t}
My doctor said I have reduced kidney function and I am so swollen that I cannot sleep lying down over the past week,RED,en:I am so swollen that I cannot sleep lying down {t}
"আমি ডায়ালাইসিস নিচ্ছি, দুই দিন ধরে প্রস্রাবের সাথে রক্ত যাচ্ছে",RED,bn:{t}প্রস্রাবের সাথে রক্ত যাচ্ছে
"আমার কিডনির কার্যক্ষমতা কমে গেছে, আজ সকাল থেকে খুব ক্লান্ত লাগছে",YELLOW,bn:{t}খুব ক্লান্ত লাগছে
I have CKD and I've had a dull headache and feel a bit off over the past week,YELLOW,en:I've had a dull headache and feel a bit off {t}
I had a kidney transplant last year and there is red in the toilet after I pee this morning,RED,en:there is red in the toilet after I pee {t}
I had a kidney transplant last year and my urine has an unusual smell since yesterday,YELLOW,en:my urine has an unusual smell {t}
"আমার কিডনির কার্যক্ষমতা কমে গেছে, দুই দিন ধরে আমি জ্ঞান হারিয়ে ফেলেছিলাম",RED,bn:{t}আমি জ্ঞান হারিয়ে ফেলেছিলাম
"Since my kidney stone, I have not been able to pee since this afternoon",RED,en:I have not been able to pee {t}
I have stage 3 kidney disease and my blood pressure has been higher than usual since last night,YELLOW,en:my blood pressure has been higher than usual {t}
"As a kidney patient, I fainted for the last two days",RED,en:I fainted {t}
"কিডনি রোগী হিসেবে বলছি, কয়েকদিন ধরে দম বন্ধ হয়ে আসছে",RED,bn:{t}দম বন্ধ হয়ে আসছে
"Good morning, can I eat bananas on my current diet?",GREEN,en:can I eat bananas on my current diet?
"Hi, which foods are high in potassium that I should avoid?",GREEN,en:which foods are high in potassium that I should avoid?
I had a kidney transplant last year and I have a headache this morning,YELLOW,en:I have a headache {t}
My doctor said I have reduced kidney function and my urine looks foamy since this afternoon,YELLOW,en:my urine looks foamy {t}
"Since my kidney stone, I've been peeing blood since this afternoon",RED,en:I've been peeing blood {t}
I have CKD and I am badly out of breath since yesterday,RED,en:I am badly out of breath {t}
"আমার কিডনির কার্যক্ষমতা কমে গেছে, কয়েকদিন ধরে দম বন্ধ হয়ে আসছে",RED,bn:{t}দম বন্ধ হয়ে আসছে
"Good morning, is it normal to get an occasional mild headache?",GREEN,en:is it normal to get an occasional mild headache?
My urination has decreased this morning,YELLOW,en:my urination has decreased {t}
"As a kidney patient, I've been short of breath since this afternoon",RED,en:I've been short of breath {t}
"আমার কিডনি রোগ আছে, গতকাল থেকে বুকে চাপ লাগছে",RED,bn:{t}বুকে চাপ লাগছে
"As a kidney patient, I've been sleeping badly and feel restless since yesterday",YELLOW,en:I've been sleeping badly and feel restless {t}
"Please, when is my next follow-up scheduled?",GREEN,en:when is my next follow-up scheduled?
I've been urinating less than usual for a few days now,YELLOW,en:I've been urinating less than usual {t}
I have stage 3 kidney disease and my skin itches badly since this afternoon,YELLOW,en:my skin itches badly {t}
I've been really itchy all over this morning,YELLOW,en:I've been really itchy all over {t}
I have CKD and I have no urine output for the last two days,RED,en:I have no urine output {t}
I have severe abdominal pain that won't go away since this afternoon,RED,en:I have severe abdominal pain that won't go away {t}
"Since my kidney stone, my heartbeat feels irregular and I'm very weak and dizzy since yesterday",RED,en:my heartbeat feels irregular and I'm very weak and dizzy {t}
I had a kidney transplant last year and my chest feels squeezed since yesterday,RED,en:my chest feels squeezed {t}
I had a kidney transplant last year and my hands and feet feel swollen for the last two days,YELLOW,en:my hands and feet feel swollen {t}
Blood is coming through my urine this morning,RED,en:blood is coming through my urine {t}
"Since my kidney stone, I have severe pain in my side with a high fever and shaking chills since yesterday",RED,en:I have severe pain in my side with a high fever and shaking chills {t}
"আমার কিডনির কার্যক্ষমতা কমে গেছে, কয়েকদিন ধরে খেতে ইচ্ছে করছে না",YELLOW,bn:{t}খেতে ইচ্ছে করছে না
"Since my kidney stone, my urine has an unusual smell this morning",YELLOW,en:my urine has an unusual smell {t}
I'm on dialysis and my blood pressure reads dangerously high with a pounding headache and blurry vision,RED,en:my blood pressure reads dangerously high with a pounding headache and blurry vision
"Hello, is it fine to have yogurt on my diet?",GREEN,en:is it fine to have yogurt on my diet?
"Hello, can I eat bananas on my current diet?",GREEN,en:can I eat bananas on my current diet?
I have severe abdominal pain that won't go away since last night,RED,en:I have severe abdominal pain that won't go away {t}
"Please, can I switch to an evening dialysis slot?",GREEN,en:can I switch to an evening dialysis slot?
"দয়া করে জানাবেন, রক্ত পরীক্ষার আগে কি খালি পেটে থাকতে হবে?",GREEN,bn:রক্ত পরীক্ষার আগে কি খালি পেটে থাকতে হবে?
I had a kidney transplant last year and my back is hurting near my kidneys since this afternoon,YELLOW,en:my back is hurting near my kidneys {t}
"আমার কিডনির কার্যক্ষমতা কমে গেছে, গতকাল থেকে বুকে ব্যথা করছে",RED,bn:{t}বুকে ব্যথা করছে
"আমার কিডনি রোগ আছে, কয়েকদিন ধরে প্রস্রাব একদম বন্ধ হয়ে গেছে",RED,bn:{t}প্রস্রাব একদম বন্ধ হয়ে গেছে
"দয়া করে জানাবেন, আমার রিপোর্ট কি চলে এসেছে?",GREEN,bn:আমার রিপোর্ট কি চলে এসেছে?
I have stage 3 kidney disease and I've gained a few kilos since this afternoon and feel bloated,YELLOW,en:I've gained a few kilos {t} and feel bloated
My doctor said I have reduced kidney function and I am too weak to stand up for the last two days,RED,en:I am too weak to stand up {t}
"Good morning, can you send me a copy of my prescription?",GREEN,en:can you send me a copy of my prescription?
I have CKD and I noticed blood in my urine for the last two days,RED,en:I noticed blood in my urine {t}
I had a kidney transplant last year and I noticed blood in my urine for the last two days,RED,en:I noticed blood in my urine {t}
I have stage 3 kidney disease and I have pain near my kidneys since yesterday,YELLOW,en:I have pain near my kidneys {t}
My doctor said I have reduced kidney function and I'm having chest pain this morning,RED,en:I'm having chest pain {t}
I have stage 3 kidney disease and I feel dizzy when I stand up for a few days now,YELLOW,en:I feel dizzy when I stand up {t}
I have CKD and I've been feeling very tired and weak for a few days now,YELLOW,en:I've been feeling very tired and weak {t}
"As a kidney patient, my ankles puff up by the evening for the last two days",YELLOW,en:my ankles puff up by the evening {t}
"Please, is a bit of an upset stomach after meals normal for my condition?",GREEN,en:is a bit of an upset stomach after meals normal for my condition?
What should my daily water intake be?,GREEN,en:what should my daily water intake be?
"আসসালামু আলাইকুম, দিনে কতটুকু লবণ খাওয়া নিরাপদ?",GREEN,bn:দিনে কতটুকু লবণ খাওয়া নিরাপদ?
"As a kidney patient, I have a mild fever for the last two days",YELLOW,en:I have a mild fever {t}
I'm on dialysis and my bladder feels full but nothing will come since yesterday,RED,en:my bladder feels full but nothing will come {t}
"Please, should I bring my previous reports to the appointment?",GREEN,en:should I bring my previous reports to the appointment?
My doctor said I have reduced kidney function and I brought up blood this morning,RED,en:I brought up blood {t}
I had a kidney transplant last year and I am too weak to stand up since yesterday,RED,en:I am too weak to stand up {t}
"Since my kidney stone, I am so swollen that I cannot sleep lying down for a few days now",RED,en:I am so swollen that I cannot sleep lying down {t}
"Please, can I eat bananas on my current diet?",GREEN,en:can I eat bananas on my current diet?
"Since my kidney stone, there is froth in my urine over the past week",YELLOW,en:there is froth in my urine {t}
I have CKD and my urine looks foamy this morning,YELLOW,en:my urine looks foamy {t}
"Please, can I reschedule my lab test to the morning?",GREEN,en:can I reschedule my lab test to the morning?
My doctor said I have reduced kidney function and this is the worst headache I've ever had for a few days now,RED,en:this is the worst headache I've ever had {t}
I have severe abdominal pain that won't go away this morning,RED,en:I have severe abdominal pain that won't go away {t}
"Hi, I'd like to request a refill of my blood pressure medication",GREEN,en:I'd like to request a refill of my blood pressure medication
"কিডনি রোগী হিসেবে বলছি, দুই দিন ধরে খেতে ইচ্ছে করছে না",YELLOW,bn:{t}খেতে ইচ্ছে করছে না
"Since my kidney stone, there's blood when I pee since yesterday",RED,en:there's blood when I pee {t}
There is pressure across my chest for a few days now,RED,en:there is pressure across my chest {t}
"Please, I'd like to request a refill of my blood pressure medication",GREEN,en:I'd like to request a refill of my blood pressure medication
My urine has turned dark like cola and I feel terrible over the past week,RED,en:my urine has turned dark like cola and I feel terrible {t}
I had a kidney transplant last year and I am passing dark red urine over the past week,RED,en:I am passing dark red urine {t}
I have flank pain since last night,YELLOW,en:I have flank pain {t}
My doctor said I have reduced kidney function and my heartbeat feels irregular and I'm very weak and dizzy this morning,RED,en:my heartbeat feels irregular and I'm very weak and dizzy {t}
একটা প্রশ্ন ছিল - টমেটো খাওয়া যাবে কি?,GREEN,bn:টমেটো খাওয়া যাবে কি?
I have stage 3 kidney disease and my urine output seems lower than normal over the past week,YELLOW,en:my urine output seems lower than normal {t}
I had a kidney transplant last year and I feel dizzy when I stand up over the past week,YELLOW,en:I feel dizzy when I stand up {t}
একটা প্রশ্ন ছিল - প্রেসক্রিপশনের একটি কপি পাঠাতে পারবেন?,GREEN,bn:প্রেসক্রিপশনের একটি কপি পাঠাতে পারবেন?
Is it fine to have yogurt on my diet?,GREEN,en:is it fine to have yogurt on my diet?
"কিডনি রোগী হিসেবে বলছি, আজ সকাল থেকে আমি জ্ঞান হারিয়ে ফেলেছিলাম",RED,bn:{t}আমি জ্ঞান হারিয়ে ফেলেছিলাম
"As a kidney patient, I've had trouble concentrating and feel foggy over the past week",YELLOW,en:I've had trouble concentrating and feel foggy {t}
"আমার কিডনির কার্যক্ষমতা কমে গেছে, কাল রাত থেকে প্রস্রাবের সাথে রক্ত যাচ্ছে",RED,bn:{t}প্রস্রাবের সাথে রক্ত যাচ্ছে
"As a kidney patient, I have severe abdominal pain that won't go away since yesterday",RED,en:I have severe abdominal pain that won't go away {t}
"Since my kidney stone, my face looks puffy since this afternoon",YELLOW,en:my face looks puffy {t}
"Good morning, can I get my flu vaccination at the clinic?",GREEN,en:can I get my flu vaccination at the clinic?
"As a kidney patient, my urine is the colour of blood since last night",RED,en:my urine is the colour of blood {t}
Quick question - which foods are high in potassium that I should avoid?,GREEN,en:which foods are high in potassium that I should avoid?
"Good morning, I'd like to request a refill of my blood pressure medication",GREEN,en:I'd like to request a refill of my blood pressure medication
I had a kidney transplant last year and my ankles leave a dent when I press them for the last two days,YELLOW,en:my ankles leave a dent when I press them {t}
I have stage 3 kidney disease and I have been sleeping badly for the last two days,YELLOW,en:I have been sleeping badly {t}
"As a kidney patient, I feel severely confused for the last two days",RED,en:I feel severely confused {t}
I passed out since last night,RED,en:I passed out {t}
There's blood in my urine and it won't stop,RED,en:there's blood in my urine and it won't stop
I had a kidney transplant last year and I'm not urinating as much as I used to for a few days now,YELLOW,en:I'm not urinating as much as I used to {t}
My doctor said I have reduced kidney function and I've been sleeping badly and feel restless for the last two days,YELLOW,en:I've been sleeping badly and feel restless {t}
I have CKD and there's blood when I pee since this afternoon,RED,en:there's blood when I pee {t}
There's a metallic taste in my mouth since yesterday,YELLOW,en:there's a metallic taste in my mouth {t}
My doctor said I have reduced kidney function and I have not been able to pee since last night,RED,en:I have not been able to pee {t}
I had a kidney transplant last year and my urine is the colour of blood since this afternoon,RED,en:my urine is the colour of blood {t}
"আমি ডায়ালাইসিস নিচ্ছি, কাল রাত থেকে মাথা ঘোরাচ্ছে",YELLOW,bn:{t}মাথা ঘোরাচ্ছে
Which foods are high in potassium that I should avoid?,GREEN,en:which foods are high in potassium that I should avoid?
I have CKD and my urine smells different than usual over the past week,YELLOW,en:my urine smells different than usual {t}
"As a kidney patient, there is froth in my urine for the last two days",YELLOW,en:there is froth in my urine {t}
My doctor said I have reduced kidney function and I fainted this morning,RED,en:I fainted {t}
"Since my kidney stone, I'm extremely drowsy and can barely stay awake since this afternoon",RED,en:I'm extremely drowsy and can barely stay awake {t}
I have stage 3 kidney disease and I'm peeing much less than before for a few days now,YELLOW,en:I'm peeing much less than before {t}
"Since my kidney stone, I have mild abdominal discomfort for the last two days",YELLOW,en:I have mild abdominal discomfort {t}
I have CKD and I'm peeing much less than before this morning,YELLOW,en:I'm peeing much less than before {t}
I have CKD and I have pain near my kidneys over the past week,YELLOW,en:I have pain near my kidneys {t}
I had a kidney transplant last year and my blood pressure has been higher than usual since this afternoon,YELLOW,en:my blood pressure has been higher than usual {t}
"Hello, which foods are high in potassium that I should avoid?",GREEN,en:which foods are high in potassium that I should avoid?
"আমার কিডনি রোগ আছে, গতকাল থেকে প্রস্রাবে ফেনা হচ্ছে",YELLOW,bn:{t}প্রস্রাবে ফেনা হচ্ছে
"Since my kidney stone, there's a metallic taste in my mouth since last night",YELLOW,en:there's a metallic taste in my mouth {t}
My doctor said I have reduced kidney function and my abdominal pain is severe and I also have a high fever over the past week,RED,en:my abdominal pain is severe and I also have a high fever {t}
My doctor said I have reduced kidney function and I have a headache this morning,YELLOW,en:I have a headache {t}
"Hi, does the clinic open on weekends?",GREEN,en:does the clinic open on weekends?
How long does a routine checkup usually take?,GREEN,en:how long does a routine checkup usually take?
"Hello, do I need to fast before my blood test?",GREEN,en:do I need to fast before my blood test?
"Since my kidney stone, my urine has an unusual smell since yesterday",YELLOW,en:my urine has an unusual smell {t}
"Since my kidney stone, I have a nagging ache in my side for a few days now",YELLOW,en:I have a nagging ache in my side {t}
"As a kidney patient, I've been peeing blood since yesterday",RED,en:I've been peeing blood {t}
"Good morning, how long does a routine checkup usually take?",GREEN,en:how long does a routine checkup usually take?
আমার রিপোর্ট কি চলে এসেছে?,GREEN,bn:আমার রিপোর্ট কি চলে এসেছে?
"As a kidney patient, my legs and ankles have been swelling for a few days now",YELLOW,en:my legs and ankles have been swelling {t}
I had a kidney transplant last year and my stomach feels bloated after meals since this afternoon,YELLOW,en:my stomach feels bloated after meals {t}
"আমার কিডনির কার্যক্ষমতা কমে গেছে, কয়েকদিন ধরে অজ্ঞান হয়ে গিয়েছিলাম",RED,bn:{t}অজ্ঞান হয়ে গিয়েছিলাম
"আমার কিডনি রোগ আছে, আজ সকাল থেকে প্রস্রাবে রক্ত যাচ্ছে",RED,bn:{t}প্রস্রাবে রক্ত যাচ্ছে
"Since my kidney stone, my blood pressure readings are higher than normal since this afternoon",YELLOW,en:my blood pressure readings are higher than normal {t}
"Hi, can you send me a copy of my prescription?",GREEN,en:can you send me a copy of my prescription?
"As a kidney patient, I have felt feverish since last night",YELLOW,en:I have felt feverish {t}
আজ সকাল থেকে প্রস্রাবে ফেনা হচ্ছে,YELLOW,bn:{t}প্রস্রাবে ফেনা হচ্ছে
"আমি ডায়ালাইসিস নিচ্ছি, আজ সকাল থেকে বুকে চাপ লাগছে",RED,bn:{t}বুকে চাপ লাগছে
I have stage 3 kidney disease and I have not been able to pee since last night,RED,en:I have not been able to pee {t}
"As a kidney patient, I have a headache for the last two days",YELLOW,en:I have a headache {t}
গতকাল থেকে হালকা মাথাব্যথা করছে,YELLOW,bn:{t}হালকা মাথাব্যথা করছে
"As a kidney patient, I've had a dull headache and feel a bit off for the last two days",YELLOW,en:I've had a dull headache and feel a bit off {t}
Can I take paracetamol for a mild headache?,GREEN,en:can I take paracetamol for a mild headache?
"Since my kidney stone, my abdominal pain is severe and I also have a high fever over the past week",RED,en:my abdominal pain is severe and I also have a high fever {t}
"Hi, can I pay my bill online?",GREEN,en:can I pay my bill online?
My doctor said I have reduced kidney function and I cannot empty my bladder this morning,RED,en:I cannot empty my bladder {t}
"আমার কিডনির কার্যক্ষমতা কমে গেছে, কোমরে ব্যথা করছে",YELLOW,bn:{t}কোমরে ব্যথা করছে
I have CKD and I feel severely confused since yesterday,RED,en:I feel severely confused {t}
I have CKD and my chest feels squeezed since this afternoon,RED,en:my chest feels squeezed {t}
I have stage 3 kidney disease and my legs and ankles have been swelling since last night,YELLOW,en:my legs and ankles have been swelling {t}
"Hello, how long does a routine checkup usually take?",GREEN,en:how long does a routine checkup usually take?
"আমি ডায়ালাইসিস নিচ্ছি, দুই দিন ধরে হালকা মাথাব্যথা করছে",YELLOW,bn:{t}হালকা মাথাব্যথা করছে
"আমি ডায়ালাইসিস নিচ্ছি, আজ সকাল থেকে মাথা ঘোরাচ্ছে",YELLOW,bn:{t}মাথা ঘোরাচ্ছে
Quick question - I need to reschedule my appointment next week,GREEN,en:I need to reschedule my appointment next week
"Since my kidney stone, I have a headache for the last two days",YELLOW,en:I have a headache {t}
I had a kidney transplant last year and my chest feels tight and heavy this morning,RED,en:my chest feels tight and heavy {t}
I have some abdominal pain since this afternoon,YELLOW,en:I have some abdominal pain {t}
Can you send me a copy of my prescription?,GREEN,en:can you send me a copy of my prescription?
"As a kidney patient, I've had trouble concentrating and feel foggy for a few days now",YELLOW,en:I've had trouble concentrating and feel foggy {t}
"কিডনি রোগী হিসেবে বলছি, আজ সকাল থেকে রক্ত বমি হচ্ছে",RED,bn:{t}রক্ত বমি হচ্ছে
I'm on dialysis and I can't breathe properly since last night,RED,en:I can't breathe properly {t}
I cannot empty my bladder for the last two days,RED,en:I cannot empty my bladder {t}
My side hurts near where my kidney is since this afternoon,YELLOW,en:my side hurts near where my kidney is {t}
"Hello, is brown rice okay for my diet?",GREEN,en:is brown rice okay for my diet?
"Hi, can I take paracetamol for a mild headache?",GREEN,en:can I take paracetamol for a mild headache?
I have stage 3 kidney disease and I am so swollen that I cannot sleep lying down for the last two days,RED,en:I am so swollen that I cannot sleep lying down {t}
"As a kidney patient, I am too weak to stand up since this afternoon",RED,en:I am too weak to stand up {t}
"As a kidney patient, I've been peeing blood over the past week",RED,en:I've been peeing blood {t}
I had a kidney transplant last year and nothing comes out when I try to pee over the past week,RED,en:nothing comes out when I try to pee {t}
I have stage 3 kidney disease and there is pressure across my chest this morning,RED,en:there is pressure across my chest {t}
I have CKD and my ankles leave a dent when I press them for a few days now,YELLOW,en:my ankles leave a dent when I press them {t}
Quick question - can I book an appointment for next Monday?,GREEN,en:can I book an appointment for next Monday?
I had a kidney transplant last year and my urination has decreased for a few days now,YELLOW,en:my urination has decreased {t}
I have stage 3 kidney disease and I have a headache this morning,YELLOW,en:I have a headache {t}
I'm on dialysis and I have a headache since yesterday,YELLOW,en:I have a headache {t}
I had a kidney transplant last year and I've been short of breath this morning,RED,en:I've been short of breath {t}
"Please, can I take paracetamol for a mild headache?",GREEN,en:can I take paracetamol for a mild headache?
"কিডনি রোগী হিসেবে বলছি, মাথা ঘোরাচ্ছে",YELLOW,bn:{t}মাথা ঘোরাচ্ছে
I'm on dialysis and I passed out for the last two days,RED,en:I passed out {t}
"Since my kidney stone, my heartbeat feels irregular and I'm very weak and dizzy for the last two days",RED,en:my heartbeat feels irregular and I'm very weak and dizzy {t}
"Hello, is the pharmacy open after 6 pm?",GREEN,en:is the pharmacy open after 6 pm?
My doctor said I have reduced kidney function and I'm peeing much less than before since yesterday,YELLOW,en:I'm peeing much less than before {t}
Is brown rice okay for my diet?,GREEN,en:is brown rice okay for my diet?
My doctor said I have reduced kidney function and my ankles puff up by the evening over the past week,YELLOW,en:my ankles puff up by the evening {t}
কয়েকদিন ধরে খেতে ইচ্ছে করছে না,YELLOW,bn:{t}খেতে ইচ্ছে করছে না
I have stage 3 kidney disease and I have some abdominal pain over the past week,YELLOW,en:I have some abdominal pain {t}
আজ সকাল থেকে মুখ ফুলে গেছে,YELLOW,bn:{t}মুখ ফুলে গেছে
I had a kidney transplant last year and I can't breathe properly this morning,RED,en:I can't breathe properly {t}
I'm on dialysis and I am passing dark red urine over the past week,RED,en:I am passing dark red urine {t}
My ankles leave a dent when I press them since yesterday,YELLOW,en:my ankles leave a dent when I press them {t}
I get breathless just walking across the room for a few days now,RED,en:I get breathless just walking across the room {t}
I'm on dialysis and my face looks puffy for the last two days,YELLOW,en:my face looks puffy {t}
I have stage 3 kidney disease and I can't breathe properly since yesterday,RED,en:I can't breathe properly {t}
I'm on dialysis and my abdominal pain is severe and I also have a high fever this morning,RED,en:my abdominal pain is severe and I also have a high fever {t}
"Hello, does the clinic open on weekends?",GREEN,en:does the clinic open on weekends?
I had a kidney transplant last year and my urine output seems lower than normal over the past week,YELLOW,en:my urine output seems lower than normal {t}
"Since my kidney stone, I've been throwing up nonstop and can't keep any water down since yesterday",RED,en:I've been throwing up nonstop and can't keep any water down {t}
My doctor said I have reduced kidney function and my stomach has been hurting a little since this afternoon,YELLOW,en:my stomach has been hurting a little {t}
I have CKD and I've been short of breath since this afternoon,RED,en:I've been short of breath {t}
"As a kidney patient, I pass water less often than I used to since last night",YELLOW,en:I pass water less often than I used to {t}
"Good morning, is there parking available at the clinic?",GREEN,en:is there parking available at the clinic?
I had a kidney transplant last year and I think I had a seizure for a few days now,RED,en:I think I had a seizure {t}
"কিডনি রোগী হিসেবে বলছি, গতকাল থেকে হঠাৎ তীব্র মাথাব্যথা শুরু হয়েছে",RED,bn:{t}হঠাৎ তীব্র মাথাব্যথা শুরু হয়েছে
I had a kidney transplant last year and I've had a headache on and off since yesterday,YELLOW,en:I've had a headache on and off {t}
I'm going to the bathroom less often this morning,YELLOW,en:I'm going to the bathroom less often {t}
"As a kidney patient, I have felt feverish for a few days now",YELLOW,en:I have felt feverish {t}
My urine has an unusual smell over the past week,YELLOW,en:my urine has an unusual smell {t}
I'm on dialysis and I'm not urinating as much as I used to for the last two days,YELLOW,en:I'm not urinating as much as I used to {t}
I have stage 3 kidney disease and I am badly out of breath for the last two days,RED,en:I am badly out of breath {t}
I had a kidney transplant last year and I have severe pain in my side with a high fever and shaking chills over the past week,RED,en:I have severe pain in my side with a high fever and shaking chills {t}
"কিডনি রোগী হিসেবে বলছি, গতকাল থেকে মাথা ঘোরাচ্ছে",YELLOW,bn:{t}মাথা ঘোরাচ্ছে
I have CKD and I've been sleeping badly and feel restless for a few days now,YELLOW,en:I've been sleeping badly and feel restless {t}
My doctor said I have reduced kidney function and food does not taste right for the last two days,YELLOW,en:food does not taste right {t}
"Hi, how long does a routine checkup usually take?",GREEN,en:how long does a routine checkup usually take?
I'm not urinating as much as I used to since last night,YELLOW,en:I'm not urinating as much as I used to {t}
"Good morning, which foods are high in potassium that I should avoid?",GREEN,en:which foods are high in potassium that I should avoid?
I have stage 3 kidney disease and I cannot empty my bladder since last night,RED,en:I cannot empty my bladder {t}
I had a kidney transplant last year and I've been vomiting blood this morning,RED,en:I've been vomiting blood {t}
"Since my kidney stone, I have severe abdominal pain that won't go away for the last two days",RED,en:I have severe abdominal pain that won't go away {t}
"Since my kidney stone, I am too weak to stand up since yesterday",RED,en:I am too weak to stand up {t}
I have stage 3 kidney disease and I noticed blood in my urine over the past week,RED,en:I noticed blood in my urine {t}
I had a kidney transplant last year and I have severe pain in my side with a high fever and shaking chills this morning,RED,en:I have severe pain in my side with a high fever and shaking chills {t}
What documents do I need for my next visit?,GREEN,en:what documents do I need for my next visit?
কলা খেতে পারব কি?,GREEN,bn:কলা খেতে পারব কি?
I have stage 3 kidney disease and I've noticed a strange odor in my urine this morning,YELLOW,en:I've noticed a strange odor in my urine {t}
There's blood when I pee this morning,RED,en:there's blood when I pee {t}
I'm on dialysis and I've been throwing up nonstop and can't keep any water down for a few days now,RED,en:I've been throwing up nonstop and can't keep any water down {t}
My doctor said I have reduced kidney function and my urine smells different than usual since this afternoon,YELLOW,en:my urine smells different than usual {t}
I have CKD and my stomach has been hurting a little over the past week,YELLOW,en:my stomach has been hurting a little {t}
"Since my kidney stone, I'm having chest pain since this afternoon",RED,en:I'm having chest pain {t}
My doctor said I have reduced kidney function and I've gained a few kilos for the last two days and feel bloated,YELLOW,en:I've gained a few kilos {t} and feel bloated
"Please, how long does a routine checkup usually take?",GREEN,en:how long does a routine checkup usually take?
"Hello, can I reschedule my lab test to the morning?",GREEN,en:can I reschedule my lab test to the morning?
হালকা জ্বর এসেছে,YELLOW,bn:{t}হালকা জ্বর এসেছে
I had a kidney transplant last year and I've been really itchy all over this morning,YELLOW,en:I've been really itchy all over {t}
"দয়া করে জানাবেন, প্রেসক্রিপশনের একটি কপি পাঠাতে পারবেন?",GREEN,bn:প্রেসক্রিপশনের একটি কপি পাঠাতে পারবেন?
I'm on dialysis and I feel dizzy when I stand up since yesterday,YELLOW,en:I feel dizzy when I stand up {t}
I have no urine output for the last two days,RED,en:I have no urine output {t}
"As a kidney patient, my urine is the colour of blood since yesterday",RED,en:my urine is the colour of blood {t}
কয়েকদিন ধরে প্রস্রাব হচ্ছে না,RED,bn:{t}প্রস্রাব হচ্ছে না
"আসসালামু আলাইকুম, ব্যায়াম করা কি আমার জন্য নিরাপদ?",GREEN,bn:ব্যায়াম করা কি আমার জন্য নিরাপদ?
I'm on dialysis and I have some abdominal cramping since this afternoon,YELLOW,en:I have some abdominal cramping {t}
একটা প্রশ্ন ছিল - ভাত কতটুকু খাওয়া যাবে?,GREEN,bn:ভাত কতটুকু খাওয়া যাবে?
"আমার কিডনির কার্যক্ষমতা কমে গেছে, কয়েকদিন ধরে পা ফুলে যাচ্ছে",YELLOW,bn:{t}পা ফুলে যাচ্ছে
I have stage 3 kidney disease and my skin itches badly this morning,YELLOW,en:my skin itches badly {t}
My doctor said I have reduced kidney function and I can't breathe properly this morning,RED,en:I can't breathe properly {t}
"As a kidney patient, not peeing much lately, is that normal?",YELLOW,"en:not peeing much lately, is that normal?"
I have CKD and I have severe pain in my side with a high fever and shaking chills this morning,RED,en:I have severe pain in my side with a high fever and shaking chills {t}
গতকাল থেকে মুখ ফুলে গেছে,YELLOW,bn:{t}মুখ ফুলে গেছে
"As a kidney patient, I'm going to the bathroom less often over the past week",YELLOW,en:I'm going to the bathroom less often {t}
I'm on dialysis and my legs are hugely swollen and now it's hard to lie flat since yesterday,RED,en:my legs are hugely swollen and now it's hard to lie flat {t}
"Hi, I get a mild headache sometimes, is that anything to worry about?",GREEN,"en:I get a mild headache sometimes, is that anything to worry about?"
I had a kidney transplant last year and I've been short of breath since this afternoon,RED,en:I've been short of breath {t}
I have not been able to pee for the last two days,RED,en:I have not been able to pee {t}
I pass water less often than I used to since yesterday,YELLOW,en:I pass water less often than I used to {t}
My stomach feels bloated after meals since yesterday,YELLOW,en:my stomach feels bloated after meals {t}
"Hi, what time is my dialysis session tomorrow?",GREEN,en:what time is my dialysis session tomorrow?
"Please, is the pharmacy open after 6 pm?",GREEN,en:is the pharmacy open after 6 pm?
I had a kidney transplant last year and my face is puffy in the mornings for the last two days,YELLOW,en:my face is puffy in the mornings {t}
"Please, how do I sign up for the patient portal?",GREEN,en:how do I sign up for the patient portal?
"Good morning, do I need to fast before my blood test?",GREEN,en:do I need to fast before my blood test?
দুই দিন ধরে খুব ক্লান্ত লাগছে,YELLOW,bn:{t}খুব ক্লান্ত লাগছে
I had a kidney transplant last year and there is red in the toilet after I pee for the last two days,RED,en:there is red in the toilet after I pee {t}
I have CKD and I have a headache for a few days now,YELLOW,en:I have a headache {t}
"Since my kidney stone, this is the worst headache I've ever had since last night",RED,en:this is the worst headache I've ever had {t}
"Hi, do I need to fast before my blood test?",GREEN,en:do I need to fast before my blood test?
I have stage 3 kidney disease and I have crushing pain spreading to my arm and jaw,RED,en:I have crushing pain spreading to my arm and jaw
Quick question - how much salt is safe for me per day?,GREEN,en:how much salt is safe for me per day?
"Since my kidney stone, I've had a dull headache and feel a bit off for a few days now",YELLOW,en:I've had a dull headache and feel a bit off {t}
"As a kidney patient, I'm not urinating as much as I used to since this afternoon",YELLOW,en:I'm not urinating as much as I used to {t}
"As a kidney patient, my blood pressure reads dangerously high with a pounding headache and blurry vision",RED,en:my blood pressure reads dangerously high with a pounding headache and blurry vision
My doctor said I have reduced kidney function and I've had a headache on and off since yesterday,YELLOW,en:I've had a headache on and off {t}
My face looks puffy since last night,YELLOW,en:my face looks puffy {t}
I have some discomfort around my kidneys over the past week,YELLOW,en:I have some discomfort around my kidneys {t}
I'm extremely drowsy and can barely stay awake over the past week,RED,en:I'm extremely drowsy and can barely stay awake {t}
"কিডনি রোগী হিসেবে বলছি, দুই দিন ধরে খুব দুর্বল লাগছে",YELLOW,bn:{t}খুব দুর্বল লাগছে
I had a kidney transplant last year and my urine has turned dark like cola and I feel terrible for a few days now,RED,en:my urine has turned dark like cola and I feel terrible {t}
I had a kidney transplant last year and I noticed blood in my urine since this afternoon,RED,en:I noticed blood in my urine {t}
My doctor said I have reduced kidney function and I have felt feverish this morning,YELLOW,en:I have felt feverish {t}
My doctor said I have reduced kidney function and my ankles leave a dent when I press them for the last two days,YELLOW,en:my ankles leave a dent when I press them {t}
I had a kidney transplant last year and I have flank pain since yesterday,YELLOW,en:I have flank pain {t}
I have CKD and food does not taste right this morning,YELLOW,en:food does not taste right {t}
"আমি ডায়ালাইসিস নিচ্ছি, আজ সকাল থেকে প্রস্রাব করতে পারছি না",RED,bn:{t}প্রস্রাব করতে পারছি না
ওষুধ কি খাবারের আগে না পরে খাব?,GREEN,bn:ওষুধ কি খাবারের আগে না পরে খাব?
I have stage 3 kidney disease and my urine has an unusual smell for the last two days,YELLOW,en:my urine has an unusual smell {t}
I have CKD and my eyes are puffy in the mornings since yesterday,YELLOW,en:my eyes are puffy in the mornings {t}
My doctor said I have reduced kidney function and I can't breathe properly since last night,RED,en:I can't breathe properly {t}
"As a kidney patient, I have heavy bleeding that won't stop since yesterday",RED,en:I have heavy bleeding that won't stop {t}
"I have CKD and I have a sudden severe headache, the worst one of my life for a few days now",RED,"en:I have a sudden severe headache, the worst one of my life {t}"
"Since my kidney stone, I've had muscle cramps since last night",YELLOW,en:I've had muscle cramps {t}
"Good morning, is a bit of an upset stomach after meals normal for my condition?",GREEN,en:is a bit of an upset stomach after meals normal for my condition?
"Please, which foods are high in potassium that I should avoid?",GREEN,en:which foods are high in potassium that I should avoid?
I have CKD and my blood pressure has been higher than usual since yesterday,YELLOW,en:my blood pressure has been higher than usual {t}
I'm on dialysis and blood is coming through my urine since yesterday,RED,en:blood is coming through my urine {t}
My doctor said I have reduced kidney function and I have a headache for the last two days,YELLOW,en:I have a headache {t}
My doctor said I have reduced kidney function and I am badly out of breath for a few days now,RED,en:I am badly out of breath {t}
I noticed blood in my urine over the past week,RED,en:I noticed blood in my urine {t}
"Hi, can I drink coffee on my dialysis days?",GREEN,en:can I drink coffee on my dialysis days?
I'm on dialysis and my urine looks foamy since this afternoon,YELLOW,en:my urine looks foamy {t}
I had a kidney transplant last year and nothing comes out when I try to pee this morning,RED,en:nothing comes out when I try to pee {t}
"Hello, I have a mild stomach ache after eating spicy food, is that normal?",GREEN,"en:I have a mild stomach ache after eating spicy food, is that normal?"
রক্ত বমি হচ্ছে,RED,bn:{t}রক্ত বমি হচ্ছে
"আমার কিডনির কার্যক্ষমতা কমে গেছে, কাল রাত থেকে খুব দুর্বল লাগছে",YELLOW,bn:{t}খুব দুর্বল লাগছে
How much salt is safe for me per day?,GREEN,en:how much salt is safe for me per day?
I had a kidney transplant last year and I pass water less often than I used to for the last two days,YELLOW,en:I pass water less often than I used to {t}
I have stage 3 kidney disease and I've been feeling very tired and weak since last night,YELLOW,en:I've been feeling very tired and weak {t}
"দয়া করে জানাবেন, দিনে কতটুকু লবণ খাওয়া নিরাপদ?",GREEN,bn:দিনে কতটুকু লবণ খাওয়া নিরাপদ?
"Hello, how do I sign up for the patient portal?",GREEN,en:how do I sign up for the patient portal?
"Since my kidney stone, I have no urine output since yesterday",RED,en:I have no urine output {t}
My doctor said I have reduced kidney function and I have a mild fever since this afternoon,YELLOW,en:I have a mild fever {t}
My stomach has been hurting a little for a few days now,YELLOW,en:my stomach has been hurting a little {t}
কাল রাত থেকে শ্বাসকষ্ট হচ্ছে,RED,bn:{t}শ্বাসকষ্ট হচ্ছে
I'm on dialysis and I brought up blood since yesterday,RED,en:I brought up blood {t}
"As a kidney patient, my hands and feet feel swollen over the past week",YELLOW,en:my hands and feet feel swollen {t}
My doctor said I have reduced kidney function and blood is coming through my urine since this afternoon,RED,en:blood is coming through my urine {t}
"Hi, should I bring my previous reports to the appointment?",GREEN,en:should I bring my previous reports to the appointment?
"আমার কিডনি রোগ আছে, আজ সকাল থেকে পেটে হালকা ব্যথা",YELLOW,bn:{t}পেটে হালকা ব্যথা
My chest feels squeezed since this afternoon,RED,en:my chest feels squeezed {t}
"Since my kidney stone, my family said I was unresponsive for the last two days",RED,en:my family said I was unresponsive {t}
My doctor said I have reduced kidney function and I've been vomiting blood for a few days now,RED,en:I've been vomiting blood {t}
When is my next follow-up scheduled?,GREEN,en:when is my next follow-up scheduled?
"আসসালামু আলাইকুম, ওষুধ খাওয়ার নিয়ম কী?",GREEN,bn:ওষুধ খাওয়ার নিয়ম কী?
I have stage 3 kidney disease and my face is puffy in the mornings since this afternoon,YELLOW,en:my face is puffy in the mornings {t}
I have a mild headache since yesterday,YELLOW,en:I have a mild headache {t}
I'm on dialysis and I've been short of breath this morning,RED,en:I've been short of breath {t}
My doctor said I have reduced kidney function and my chest feels tight and heavy for the last two days,RED,en:my chest feels tight and heavy {t}
"As a kidney patient, I have a nagging ache in my side since last night",YELLOW,en:I have a nagging ache in my side {t}
Do I need to fast before my blood test?,GREEN,en:do I need to fast before my blood test?
"Since my kidney stone, I have had no energy at all since yesterday",YELLOW,en:I have had no energy at all {t}
I have stage 3 kidney disease and my family said I was unresponsive this morning,RED,en:my family said I was unresponsive {t}
"Since my kidney stone, I've been urinating less than usual for the last two days",YELLOW,en:I've been urinating less than usual {t}
"Since my kidney stone, my side hurts near where my kidney is for a few days now",YELLOW,en:my side hurts near where my kidney is {t}
"Hello, is it safe for me to exercise at the gym?",GREEN,en:is it safe for me to exercise at the gym?
"কিডনি রোগী হিসেবে বলছি, সারা শরীর চুলকাচ্ছে",YELLOW,bn:{t}সারা শরীর চুলকাচ্ছে
"দয়া করে জানাবেন, ব্যায়াম করা কি আমার জন্য নিরাপদ?",GREEN,bn:ব্যায়াম করা কি আমার জন্য নিরাপদ?
I have stage 3 kidney disease and my chest feels squeezed since this afternoon,RED,en:my chest feels squeezed {t}
"As a kidney patient, my heartbeat feels irregular and I'm very weak and dizzy since last night",RED,en:my heartbeat feels irregular and I'm very weak and dizzy {t}
"Hello, can you send me a copy of my prescription?",GREEN,en:can you send me a copy of my prescription?
"Hello, thank you for the help during my last visit",GREEN,en:thank you for the help during my last visit
My doctor said I have reduced kidney function and my family said I was unresponsive since this afternoon,RED,en:my family said I was unresponsive {t}
I have stage 3 kidney disease and I cannot empty my bladder since yesterday,RED,en:I cannot empty my bladder {t}
I have stage 3 kidney disease and I have a nagging ache in my side over the past week,YELLOW,en:I have a nagging ache in my side {t}
I have stage 3 kidney disease and my heartbeat feels irregular and I'm very weak and dizzy for a few days now,RED,en:my heartbeat feels irregular and I'm very weak and dizzy {t}
কাল রাত থেকে হঠাৎ তীব্র মাথাব্যথা শুরু হয়েছে,RED,bn:{t}হঠাৎ তীব্র মাথাব্যথা শুরু হয়েছে
I had a kidney transplant last year and my eyes are puffy in the mornings for a few days now,YELLOW,en:my eyes are puffy in the mornings {t}
I'm on dialysis and I noticed blood in my urine for a few days now,RED,en:I noticed blood in my urine {t}
My doctor said I have reduced kidney function and I feel dizzy when I stand up since yesterday,YELLOW,en:I feel dizzy when I stand up {t}
I'm on dialysis and I've had muscle cramps since last night,YELLOW,en:I've had muscle cramps {t}
"আসসালামু আলাইকুম, ডায়ালাইসিসের সময় কখন?",GREEN,bn:ডায়ালাইসিসের সময় কখন?
"Since my kidney stone, I'm going to the bathroom less often for the last two days",YELLOW,en:I'm going to the bathroom less often {t}
I've been really itchy all over for the last two days,YELLOW,en:I've been really itchy all over {t}
My doctor said I have reduced kidney function and my heartbeat feels irregular and I'm very weak and dizzy for a few days now,RED,en:my heartbeat feels irregular and I'm very weak and dizzy {t}
I had a kidney transplant last year and there is pressure across my chest for the last two days,RED,en:there is pressure across my chest {t}
গতকাল থেকে পা ও গোড়ালি ফুলে আছে,YELLOW,bn:{t}পা ও গোড়ালি ফুলে আছে
I have CKD and I noticed blood in my urine since last night,RED,en:I noticed blood in my urine {t}
Quick question - how many cups of fluid can I have daily?,GREEN,en:how many cups of fluid can I have daily?
Is there parking available at the clinic?,GREEN,en:is there parking available at the clinic?
I have no urine output over the past week,RED,en:I have no urine output {t}
I've gained a few kilos since last night and feel bloated,YELLOW,en:I've gained a few kilos {t} and feel bloated
একটা প্রশ্ন ছিল - পরের সপ্তাহে অ্যাপয়েন্টমেন্ট পরিবর্তন করতে চাই,GREEN,bn:পরের সপ্তাহে অ্যাপয়েন্টমেন্ট পরিবর্তন করতে চাই
I have stage 3 kidney disease and I have severe pain in my side with a high fever and shaking chills for a few days now,RED,en:I have severe pain in my side with a high fever and shaking chills {t}
"Since my kidney stone, this is the worst headache I've ever had for the last two days",RED,en:this is the worst headache I've ever had {t}
"Since my kidney stone, my urine looks foamy over the past week",YELLOW,en:my urine looks foamy {t}
I had a kidney transplant last year and my hands and feet feel swollen over the past week,YELLOW,en:my hands and feet feel swollen {t}
My doctor said I have reduced kidney function and I've been peeing blood since last night,RED,en:I've been peeing blood {t}
ভাত কতটুকু খাওয়া যাবে?,GREEN,bn:ভাত কতটুকু খাওয়া যাবে?
I have stage 3 kidney disease and I'm extremely drowsy and can barely stay awake since last night,RED,en:I'm extremely drowsy and can barely stay awake {t}
I have CKD and I've been urinating less than usual for a few days now,YELLOW,en:I've been urinating less than usual {t}
I had a kidney transplant last year and I am badly out of breath for a few days now,RED,en:I am badly out of breath {t}
I had a kidney transplant last year and I am too weak to stand up since this afternoon,RED,en:I am too weak to stand up {t}
"Hello, what documents do I need for my next visit?",GREEN,en:what documents do I need for my next visit?
I'm on dialysis and I have had no energy at all for a few days now,YELLOW,en:I have had no energy at all {t}
I get cramp in my legs at night this morning,YELLOW,en:I get cramp in my legs at night {t}
I'm on dialysis and I brought up blood over the past week,RED,en:I brought up blood {t}
My doctor said I have reduced kidney function and I brought up blood over the past week,RED,en:I brought up blood {t}
My abdominal pain is severe and I also have a high fever since yesterday,RED,en:my abdominal pain is severe and I also have a high fever {t}
Quick question - can I get my flu vaccination at the clinic?,GREEN,en:can I get my flu vaccination at the clinic?
"As a kidney patient, I haven't passed any urine for a few days now",RED,en:I haven't passed any urine {t}
"Since my kidney stone, I have no urine output for a few days now",RED,en:I have no urine output {t}
কাল রাত থেকে মুখ ফুলে গেছে,YELLOW,bn:{t}মুখ ফুলে গেছে
সারা শরীর চুলকাচ্ছে,YELLOW,bn:{t}সারা শরীর চুলকাচ্ছে
Quick question - are my last lab results available yet?,GREEN,en:are my last lab results available yet?
I have CKD and I have some discomfort around my kidneys since last night,YELLOW,en:I have some discomfort around my kidneys {t}
আজ সকাল থেকে মাথা ঘোরাচ্ছে,YELLOW,bn:{t}মাথা ঘোরাচ্ছে
আজ সকাল থেকে দম বন্ধ হয়ে আসছে,RED,bn:{t}দম বন্ধ হয়ে আসছে
"Since my kidney stone, I have a sudden severe headache, the worst one of my life since yesterday",RED,"en:I have a sudden severe headache, the worst one of my life {t}"
Quick question - is there wheelchair access at the entrance?,GREEN,en:is there wheelchair access at the entrance?
My doctor said I have reduced kidney function and I have a nagging ache in my side this morning,YELLOW,en:I have a nagging ache in my side {t}
I have stage 3 kidney disease and my chest feels squeezed since last night,RED,en:my chest feels squeezed {t}
"Hi, can I reschedule my lab test to the morning?",GREEN,en:can I reschedule my lab test to the morning?
I had a kidney transplant last year and I have been sleeping badly for the last two days,YELLOW,en:I have been sleeping badly {t}
I passed out for the last two days,RED,en:I passed out {t}
I have stage 3 kidney disease and my abdominal pain is severe and I also have a high fever since yesterday,RED,en:my abdominal pain is severe and I also have a high fever {t}
"আমি ডায়ালাইসিস নিচ্ছি, দুই দিন ধরে বুকে ব্যথা করছে",RED,bn:{t}বুকে ব্যথা করছে
